7
3
4
4
0.300000
0.500000
-5.221802  10.334510  -5.221802  -5.221802  

7.819555  9.369750  4.142801  

-1.921611  -9.764155  -2.522576  4.859180  5.945299  2.323656  23.334273  15.820354  9.140750  -10.768076  -5.672565  -4.070887  -15.463654  -2.350946  -3.946294  -19.227752  -19.160889  -9.671889  16.006590  6.366698  5.013706  


-2.440589  -14.046897  -2.440589  -2.440589  -2.373273  -16.309747  -2.373273  -2.373273  -2.923636  -6.356952  -2.923636  -2.923636  

-0.000000  -0.000000  -0.000000  -0.000000  

0.000000  0.000000  0.000000  