3
10
2
2
0.100000
0.500000
-26.249790  0.583788  

60.725796  -53.204449  4.399944  37.645840  15.346886  -38.662490  1.910562  8.979334  19.196295  85.953888  

-65.878833  48.042652  12.347236  -29.809166  3.602377  28.614834  -2.194645  31.373358  -26.366239  -116.231717  -45.402886  16.424635  -31.734802  -63.121636  -57.746389  -27.224410  -27.179662  -52.042411  -11.750138  -20.677636  -0.044326  52.571387  12.554084  12.158596  14.645971  43.850129  7.164941  0.253744  -15.591580  -64.348923  


21.010233  7.428999  22.363949  -24.635173  5.238234  12.162343  -20.734055  6.343382  -31.576495  13.926067  -2.686666  -21.939718  -5.761092  -8.110208  0.059055  -11.125434  7.829916  -9.357990  18.657104  -42.466628  

0.000000  -0.000000  

0.000013  0.000000  0.000001  -0.000181  -0.000304  -0.000024  -0.000000  0.000000  0.000000  0.000000  