11
7
2
2
0.100000
0.500000
-12.461337  -7.636783  

-30.256129  0.214741  -21.500919  25.021975  -0.401195  -16.625403  -30.227363  

-2.957441  -0.663783  6.469093  -23.896295  -3.784630  16.247720  -12.885940  5.171101  2.734074  -9.242028  -1.554669  -11.568020  4.673735  -13.775806  -1.652005  3.483285  -2.185104  -12.406858  17.713294  3.209418  -1.219190  -1.310825  -7.195314  1.688546  -3.299009  -13.546014  2.654933  1.384272  -0.094980  -0.614341  -0.884417  -0.902322  -8.079490  0.429009  1.144217  42.283841  30.175249  32.156705  -59.698376  -39.044918  -69.961683  -10.312854  1.402018  -21.057076  -1.670461  -37.177790  -6.020048  9.858893  3.727515  27.104156  5.828119  -0.207643  8.185980  22.727018  -7.244401  -7.383410  20.788799  -13.407084  -23.567970  9.450071  15.361595  11.052754  45.050576  -31.804966  -37.106677  34.549201  17.107830  8.478404  17.197665  3.986942  6.588706  7.517970  -12.828921  1.123582  -12.884529  -2.095727  43.720379  


32.692543  -1.182158  32.203775  -1.136779  30.754912  -1.137862  30.636582  -1.104760  13.115773  -1.093043  32.954087  -1.113987  17.955268  -1.112645  

-0.000000  -0.000000  

-0.000000  -0.000000  -0.000000  -0.000000  -0.000000  -0.000000  -0.000000  