544
80,83,63,0,0
71,94,46,1,0
71,73,92,0,0
90,95,125,0,0
79,98,60,1,0
89,103,81,1,0
119,116,111,1,0
82,85,77,0,0
69,82,26,0,1
33,43,104,0,0
67,61,24,1,0
67,86,21,0,0
90,85,112,0,0
99,101,50,0,1
75,60,62,0,1
46,37,18,0,1
69,57,55,0,1
56,52,85,0,0
71,78,105,0,0
64,65,128,0,0
65,52,46,0,1
80,85,75,0,0
41,41,38,1,0
62,70,119,0,1
70,75,134,0,1
79,86,124,0,0
41,50,60,1,0
46,54,45,0,0
80,84,53,0,0
70,64,27,1,0
43,50,58,1,0
117,116,107,0,1
62,66,125,0,0
89,97,126,0,0
80,84,72,0,0
56,51,76,0,0
32,44,108,0,0
67,60,21,1,0
45,48,19,0,0
91,99,34,0,1
89,89,106,0,0
54,55,103,0,0
63,68,107,0,0
43,55,96,0,0
77,86,25,0,1
82,100,69,1,0
113,120,130,1,0
54,58,60,0,0
81,85,92,0,0
86,92,12,0,0
54,56,54,0,0
61,70,118,0,1
55,54,96,0,0
54,48,67,0,1
111,119,123,1,0
114,119,125,1,0
68,55,52,0,1
64,72,124,0,0
72,74,100,0,0
35,41,133,0,1
81,84,86,0,0
44,53,35,0,0
81,86,88,0,0
35,47,73,1,0
89,89,108,0,0
69,64,28,1,0
68,81,18,0,0
101,112,107,1,0
95,104,58,0,0
68,77,46,0,1
48,45,54,1,0
112,119,126,1,0
79,87,110,0,0
74,82,34,0,1
73,94,50,1,0
52,61,68,0,0
55,50,78,0,0
55,42,23,0,1
64,52,44,0,1
75,71,52,0,0
108,116,119,1,0
49,37,14,0,1
89,99,31,0,1
33,41,122,0,0
54,40,22,0,1
55,55,20,1,0
54,54,51,0,0
95,100,38,0,1
90,94,120,0,0
51,64,78,0,1
80,85,92,0,0
68,73,130,0,1
62,66,70,1,0
85,95,15,0,0
54,51,84,0,0
72,75,94,0,0
95,109,92,1,0
89,86,96,0,0
79,89,20,0,1
68,90,34,0,0
85,95,15,0,0
81,85,96,0,1
68,81,13,0,0
41,38,27,0,1
77,79,70,1,0
81,86,130,0,0
39,40,28,0,1
34,44,98,0,0
44,51,104,0,0
88,95,122,0,0
63,68,110,0,0
52,46,57,1,0
76,96,57,1,0
54,48,71,1,0
88,87,103,0,0
84,103,72,1,0
78,98,59,1,0
45,53,42,0,0
58,62,85,0,1
77,81,121,1,0
57,44,32,0,1
66,72,124,0,1
62,66,132,0,0
88,89,118,0,0
73,69,44,0,0
62,72,55,0,0
114,112,98,0,1
116,118,119,1,0
62,71,57,0,1
79,86,128,0,0
103,107,75,0,1
111,112,92,0,1
115,118,122,1,0
89,83,106,0,0
45,52,55,1,0
54,60,121,0,0
90,99,32,0,1
53,61,73,0,0
53,60,51,1,0
34,45,101,0,0
46,49,22,0,0
67,82,20,0,0
104,110,80,0,1
58,69,62,0,1
39,43,125,0,1
55,51,82,0,0
105,114,111,1,0
120,117,109,0,1
116,115,103,0,1
66,81,9,0,0
87,97,24,0,1
97,101,44,0,1
78,82,48,0,1
32,43,120,0,0
36,44,126,0,1
71,75,101,0,0
85,95,21,0,0
46,48,16,0,0
72,64,32,1,0
71,77,109,0,0
81,79,79,1,0
45,52,34,0,0
73,92,46,1,0
55,60,53,1,0
56,58,108,0,0
74,80,114,1,0
68,75,132,0,1
96,109,94,1,0
49,62,86,0,1
80,86,116,0,0
50,55,42,1,0
90,86,96,0,0
46,47,20,0,0
100,107,71,0,1
44,52,38,0,0
46,49,29,0,0
61,49,37,0,1
45,48,16,0,0
107,116,116,1,0
41,47,118,0,1
118,118,114,1,0
45,48,24,0,0
81,90,16,0,1
59,61,61,1,0
45,42,46,1,0
44,48,112,0,0
85,73,84,0,1
72,75,138,0,1
55,60,56,1,0
34,44,94,0,0
58,44,29,0,1
78,86,104,0,1
74,67,39,0,0
44,53,102,0,0
54,56,99,0,0
81,69,74,0,1
108,109,84,0,1
43,55,99,0,0
90,93,124,0,0
54,63,77,0,1
81,85,132,0,0
90,96,131,0,0
81,85,130,0,0
59,56,15,1,0
49,44,56,1,0
44,49,26,0,0
75,70,50,0,0
63,61,16,1,0
53,58,62,0,0
87,84,89,1,0
65,66,74,1,0
56,63,81,0,1
77,82,124,1,0
53,57,60,0,0
61,69,106,0,0
54,60,113,0,0
99,101,51,0,1
56,56,106,0,0
90,91,108,0,0
32,46,79,0,0
34,40,128,0,0
106,116,112,1,0
56,63,84,0,1
32,46,92,0,0
56,50,73,1,0
90,79,98,0,0
90,85,108,0,0
56,54,94,0,0
61,71,114,0,0
74,73,61,0,0
67,82,15,0,0
75,86,28,0,1
53,40,18,0,1
57,44,28,0,1
90,78,93,0,0
82,84,54,0,0
73,75,63,0,0
68,81,13,0,0
81,86,112,0,0
44,43,41,1,0
41,38,24,0,1
97,106,66,0,1
79,86,106,0,1
80,84,64,0,0
95,104,56,0,1
81,86,134,0,0
92,104,54,0,1
90,92,122,0,0
33,43,113,0,0
62,67,102,0,0
49,51,49,1,0
93,108,91,1,0
72,58,56,0,1
90,92,114,0,0
71,72,88,0,0
42,50,111,0,0
64,75,48,0,1
43,51,58,1,0
55,60,126,0,0
78,88,23,0,1
82,98,64,1,0
106,110,80,0,1
45,48,17,0,0
63,66,72,1,0
39,44,121,0,1
52,56,26,1,0
100,113,102,1,0
85,97,23,0,1
107,109,84,0,0
63,60,14,1,0
36,49,76,1,0
86,95,20,0,0
88,86,108,0,0
71,83,32,0,1
88,87,100,0,0
120,122,128,1,0
39,40,34,1,0
72,80,38,0,1
74,73,54,0,0
32,39,136,0,1
66,87,28,0,0
82,68,77,0,1
52,53,42,1,0
33,46,80,0,0
55,52,90,0,0
51,56,44,1,0
34,47,85,0,0
82,86,96,0,0
41,45,118,0,1
77,78,69,1,0
88,87,112,0,0
89,81,101,0,0
73,77,138,0,0
46,45,48,1,0
110,118,124,1,0
56,62,128,0,0
45,57,94,0,1
81,83,61,0,0
89,94,122,0,0
61,48,38,0,1
61,65,96,0,0
34,40,131,0,1
78,66,71,0,1
45,47,13,0,0
90,99,136,0,0
68,81,13,0,0
54,42,26,0,1
80,85,115,0,0
64,66,124,0,0
33,42,106,0,0
90,90,122,0,0
52,56,58,0,0
72,83,33,0,1
74,84,100,0,1
76,61,64,0,1
33,45,103,0,0
44,47,114,0,0
33,41,115,0,0
89,82,102,0,0
46,53,38,1,0
97,99,133,0,0
80,85,120,0,0
70,78,41,0,1
66,77,46,0,1
90,98,128,0,0
113,115,98,0,1
71,71,86,0,0
70,78,106,0,0
74,72,52,0,0
80,86,134,0,0
44,53,40,0,0
107,117,118,1,0
90,107,84,1,0
61,64,66,1,0
59,68,66,0,1
67,80,18,0,0
80,85,88,0,0
55,67,72,0,1
47,61,88,0,1
61,69,112,0,0
49,55,32,1,0
62,58,11,1,0
71,75,98,0,0
89,80,99,0,0
39,49,66,1,0
89,85,93,1,0
52,54,48,0,0
71,83,34,0,1
82,83,70,0,0
71,70,85,1,0
71,91,42,1,0
54,59,110,0,0
67,82,16,0,0
80,82,49,0,1
75,96,55,1,0
82,89,16,0,1
82,83,74,0,0
63,65,68,1,0
49,53,30,1,0
89,92,116,0,0
54,61,70,0,0
61,64,93,0,0
83,100,72,1,0
111,114,94,0,1
86,96,18,0,0
41,51,64,1,0
81,87,132,0,0
118,117,115,1,0
81,83,56,0,0
95,104,60,0,1
54,60,117,0,0
62,70,113,0,0
33,46,88,0,0
42,54,102,0,0
104,110,76,0,1
44,53,40,0,0
78,83,126,1,0
68,82,13,0,0
81,86,120,0,0
40,40,34,1,0
61,47,35,0,1
75,75,68,1,0
72,60,58,0,1
51,37,15,0,1
72,81,31,0,1
90,95,127,0,0
32,41,122,0,0
59,62,64,1,0
46,52,32,0,0
75,82,116,1,0
45,35,15,0,1
54,54,98,0,0
52,55,48,0,0
78,84,46,0,1
68,87,24,0,0
87,103,75,1,0
45,47,15,0,0
80,84,78,0,0
101,106,68,0,1
76,84,104,0,1
33,45,86,0,0
32,42,112,0,0
34,46,96,0,0
74,96,53,1,0
55,64,132,0,0
63,68,100,0,0
34,42,124,0,0
45,49,20,0,0
70,83,28,0,1
89,96,130,0,0
49,54,38,1,0
46,48,22,0,0
78,77,73,1,0
70,63,31,1,0
76,77,65,1,0
55,61,128,0,0
93,105,88,1,0
68,88,32,0,0
67,86,24,0,0
44,51,106,0,0
81,84,82,0,0
117,118,116,1,0
96,100,45,0,1
87,75,90,0,1
99,101,48,0,1
60,64,87,0,1
54,56,106,0,0
83,100,68,1,0
46,54,38,1,0
70,73,93,0,0
53,60,74,0,1
90,93,115,0,0
120,121,128,1,0
67,86,28,0,0
54,59,65,0,0
46,54,36,1,0
57,62,56,1,0
65,75,52,0,1
55,55,102,0,0
46,51,27,0,0
109,112,88,0,1
66,85,20,0,0
76,83,30,0,1
54,58,115,0,0
79,87,126,0,0
68,69,77,1,0
89,90,110,0,0
34,47,90,0,0
76,82,119,1,0
69,75,134,0,1
74,70,46,0,0
66,81,15,0,0
103,108,74,0,1
85,80,83,1,0
66,91,36,0,0
115,121,136,1,0
45,52,24,0,0
89,98,29,0,1
54,46,62,1,0
54,51,86,0,0
74,68,42,0,0
75,72,57,0,0
67,89,33,0,0
46,51,23,0,0
46,55,37,1,0
53,45,58,1,0
89,88,118,0,0
75,75,60,0,0
43,51,110,0,0
63,73,53,0,1
46,46,15,0,0
52,55,54,0,0
59,47,33,0,1
80,84,60,0,0
54,63,130,0,0
34,46,83,0,0
79,86,132,0,0
68,63,24,1,0
90,86,101,0,0
33,41,134,0,0
45,54,41,1,0
56,65,70,0,1
86,92,8,0,1
74,82,37,0,1
54,63,136,0,0
113,120,123,1,0
56,61,119,0,0
82,90,15,0,1
74,79,112,1,0
49,53,45,1,0
81,99,63,1,0
51,58,45,1,0
37,40,31,0,1
81,80,77,1,0
81,84,50,0,0
53,64,75,0,1
34,43,118,0,0
32,40,128,0,0
72,76,104,0,0
80,86,110,0,1
82,84,84,0,0
80,85,127,1,0
40,45,123,0,1
81,87,19,0,1
54,60,124,0,0
67,72,126,0,1
52,59,67,0,0
90,98,132,0,0
54,48,64,1,0
89,95,130,0,0
44,52,30,0,0
63,72,121,0,1
61,67,101,0,0
80,67,74,0,1
55,65,133,0,0
45,48,15,0,0
80,83,67,0,0
70,69,83,1,0
87,82,87,1,0
55,63,138,0,0
64,65,122,0,0
46,53,28,0,0
73,59,61,0,1
46,54,34,0,0
54,54,90,0,0
72,77,143,0,0
61,67,96,0,0
92,100,37,0,1
54,54,24,1,0
52,55,24,1,0
76,81,40,0,1
54,63,136,0,0
43,43,44,1,0
73,67,43,0,0
55,52,78,0,0
69,69,81,1,0
32,40,132,0,0
90,78,96,0,0
63,66,128,0,0
57,61,59,1,0
83,81,82,1,0
68,77,42,0,1
109,110,87,0,1
90,87,114,0,0
