11
7
2
2
0.100000
0.500000
-18.033909  -4.167711  

-23.019394  3.924885  -4.602734  -4.136932  1.277385  -10.608016  -6.670478  

0.816763  -2.538159  -15.023385  -0.276833  1.578277  -0.945377  -1.441618  -3.791308  -1.665167  3.860694  0.331884  -8.015755  20.376490  -10.753078  -1.420728  3.735069  15.305545  -4.223864  0.270307  -0.648344  2.412491  -4.656479  5.602728  -2.927839  1.953817  -1.107438  1.270260  -1.144291  1.114101  2.276342  -9.147389  1.991745  8.213891  -2.459793  0.403483  42.962594  -51.455856  -1.462195  -17.710811  -1.869804  13.123230  29.965590  35.235996  -19.393883  -3.852207  6.572872  -1.056803  0.911973  -26.797158  -4.489636  19.971346  -3.141841  -19.384027  -19.944725  -25.517816  -17.503236  16.536218  22.237497  -8.202534  13.832595  -2.517521  -17.838744  -5.571327  -69.266692  -43.984121  -7.388673  12.292768  -16.130493  -8.230958  23.132243  13.021847  1.191595  10.971977  -19.854672  10.810001  11.593132  0.993218  


39.906616  -0.151996  36.929647  -5.564843  24.043479  -5.463634  29.431502  -6.755000  23.444788  -3.436566  32.799330  -1.239076  35.078571  -3.111199  

0.000000  -0.000000  

0.000000  0.000000  0.000000  0.000000  0.000000  0.000000  0.000000  