3674
72,141,77,142,0,0,0,0
73,143,77,138,0,0,0,0
71,141,77,137,0,0,0,1
71,141,74,136,0,0,0,1
71,138,75,134,0,0,0,1
72,138,74,130,0,0,0,1
73,136,73,128,0,0,0,1
72,136,72,128,0,0,0,1
65,136,72,125,0,0,0,1
65,135,72,123,0,0,0,1
65,134,73,120,0,0,0,1
65,132,72,118,0,0,0,1
65,130,72,116,0,0,0,1
63,130,69,114,0,0,0,1
65,130,70,112,0,0,0,1
63,128,68,110,0,0,0,1
63,128,69,110,0,0,1,0
62,128,68,106,0,0,1,0
61,127,68,105,0,0,1,0
61,128,69,104,0,0,1,0
58,129,66,100,0,0,1,0
57,129,66,98,0,0,1,0
58,128,66,98,0,0,1,0
56,129,65,96,0,0,1,0
62,128,66,93,0,0,1,0
61,127,64,92,0,0,1,0
62,129,64,89,0,0,1,0
60,128,64,87,0,0,1,0
58,127,63,86,0,0,1,0
59,129,62,83,0,0,1,0
58,128,62,81,0,1,0,0
58,128,63,79,0,0,0,0
58,129,62,78,0,0,0,0
58,128,61,76,0,0,0,0
59,127,61,74,0,0,0,0
59,128,60,70,0,0,0,0
51,129,61,69,0,0,0,0
52,129,58,66,0,0,0,0
50,128,60,66,0,0,0,0
50,129,57,63,0,0,0,0
50,128,57,60,0,0,0,0
50,127,56,60,0,0,0,0
51,129,58,57,0,0,0,0
51,128,56,56,0,0,0,0
51,127,56,53,0,0,0,0
50,128,56,51,0,0,0,0
50,129,54,48,0,0,0,0
52,129,53,46,0,0,0,0
51,128,53,44,0,0,0,0
52,128,55,43,0,0,0,0
51,128,54,40,0,0,0,0
50,128,52,40,0,0,0,0
52,129,51,38,0,0,0,0
51,127,52,36,0,0,0,0
52,127,50,34,0,0,0,0
50,127,52,31,0,0,0,0
52,127,50,30,0,0,0,0
51,128,49,27,0,0,0,0
49,127,49,25,0,0,1,0
49,128,49,23,0,0,1,0
48,128,48,20,0,0,1,0
48,127,49,19,0,0,1,0
46,127,47,17,0,0,1,0
45,127,48,15,0,0,1,0
44,129,46,13,0,0,1,0
42,129,46,12,0,0,1,0
41,129,46,13,0,0,1,0
42,128,47,14,0,0,1,0
39,127,48,18,0,0,1,0
39,128,49,20,0,0,1,0
47,127,48,20,0,0,1,0
44,129,51,24,0,0,1,0
45,127,50,24,0,0,1,0
44,129,52,26,0,0,1,0
43,129,51,30,0,0,1,0
42,129,52,32,0,0,0,0
44,129,54,33,0,1,0,0
44,128,53,34,0,1,0,0
45,127,55,37,0,1,0,0
46,127,56,39,0,1,0,0
47,127,57,41,0,1,0,0
49,128,58,43,0,1,0,0
49,127,57,44,0,1,0,0
49,129,57,46,0,1,0,0
52,129,60,48,0,1,0,0
52,127,59,52,0,1,0,0
53,127,60,52,0,1,0,0
54,127,60,54,0,1,0,0
54,127,62,56,0,1,0,0
57,129,63,60,0,1,0,0
56,128,63,60,0,1,0,0
58,129,64,63,0,1,0,0
60,128,64,65,0,1,0,0
61,127,63,67,0,1,0,0
61,129,65,68,0,1,0,0
61,128,66,72,0,1,0,0
64,127,65,72,0,1,0,0
63,129,68,75,0,1,0,0
65,128,69,76,0,1,0,0
67,128,68,80,0,1,0,0
66,127,69,80,0,1,0,0
68,129,70,84,0,1,0,0
70,128,71,84,0,1,0,0
63,128,70,88,0,1,0,0
64,127,73,90,0,1,0,0
65,128,72,92,0,1,0,0
65,128,74,93,0,1,0,0
65,128,73,95,0,1,0,0
68,129,75,96,0,1,0,0
67,127,74,100,0,1,0,0
69,127,77,101,0,1,0,0
71,129,76,104,0,1,0,0
70,128,78,104,0,1,0,0
71,128,77,108,0,1,0,0
72,129,77,108,0,1,0,0
74,128,80,110,0,1,0,0
75,129,80,114,1,0,0,0
73,131,80,115,1,0,0,0
73,132,80,116,1,0,0,0
75,133,82,118,1,0,0,0
73,132,82,121,1,0,0,0
75,134,83,124,1,0,0,0
73,135,82,126,1,0,0,0
74,136,85,126,1,0,0,0
83,137,86,130,1,0,0,0
82,137,86,132,0,0,0,0
81,136,86,128,0,0,0,0
81,136,84,127,0,0,0,0
81,138,82,126,0,0,0,0
73,138,83,123,0,0,0,0
74,136,80,120,0,0,0,0
74,137,79,120,0,0,0,0
73,136,81,118,0,0,0,0
74,137,79,114,0,0,0,0
75,137,77,114,0,0,0,0
74,137,77,112,0,0,0,0
74,138,77,109,0,0,0,0
74,137,76,106,0,0,0,0
75,137,74,105,0,0,0,0
73,137,73,102,0,0,0,0
75,136,74,101,0,0,0,0
75,137,72,98,0,0,0,0
73,138,72,98,0,0,0,0
74,137,69,94,0,0,0,0
74,138,69,93,0,0,0,0
75,137,70,92,0,0,0,0
73,137,67,88,0,0,0,0
73,137,68,86,0,0,0,0
75,138,67,86,0,0,0,0
73,137,66,84,0,0,1,0
72,136,65,82,0,0,1,0
71,138,64,78,0,0,1,0
69,137,64,76,0,0,1,0
68,137,63,76,0,0,1,0
69,136,60,72,0,0,1,0
68,138,60,71,0,0,1,0
67,136,60,69,0,0,1,0
65,137,57,66,0,0,1,0
64,136,57,65,0,0,1,0
63,136,58,64,0,0,1,0
62,137,57,62,0,0,1,0
62,138,55,60,0,0,1,0
61,136,53,58,0,0,1,0
60,137,53,56,0,0,1,0
58,136,52,52,0,0,1,0
56,137,51,52,0,0,1,0
57,137,50,49,0,0,1,0
55,136,49,46,0,0,1,0
54,138,50,46,0,0,1,0
54,138,49,43,0,0,1,0
53,138,47,42,0,0,1,0
50,136,48,40,0,0,1,0
50,136,45,38,0,0,1,0
48,137,46,34,0,0,1,0
49,136,44,32,0,0,1,0
48,137,43,30,0,0,1,0
46,136,41,28,0,0,1,0
44,138,43,26,0,0,1,0
45,137,40,26,0,0,1,0
43,136,41,22,0,0,1,0
42,136,38,21,0,0,1,0
41,136,38,19,0,0,1,0
41,135,38,16,0,0,0,1
42,134,37,14,0,0,0,1
42,135,36,15,0,0,0,1
40,133,35,13,0,0,0,1
42,132,33,9,0,0,0,1
42,132,35,11,0,0,0,1
40,129,34,15,0,0,0,1
40,130,35,16,0,0,0,1
40,127,35,18,0,0,0,1
42,128,36,19,0,0,0,1
42,125,36,22,0,0,0,1
41,126,37,23,0,0,0,0
40,127,37,24,0,0,0,0
42,125,39,26,0,0,0,0
40,127,38,30,0,0,0,0
41,127,40,32,0,0,0,0
41,127,39,32,0,0,0,0
42,126,40,36,0,0,0,0
41,127,42,37,0,0,0,0
42,126,42,40,0,0,0,0
41,125,41,41,0,0,0,0
41,125,43,44,0,0,0,0
42,125,42,45,0,0,0,0
40,126,43,48,0,0,0,0
41,126,44,49,0,0,0,0
40,126,44,52,0,0,0,0
40,126,43,54,0,0,0,0
42,126,44,55,0,0,0,0
42,126,46,57,0,0,0,0
41,127,45,59,0,0,0,0
40,125,47,61,0,0,0,0
41,125,46,62,0,0,0,0
42,127,48,64,0,0,0,0
40,125,47,67,0,0,0,0
42,126,48,70,0,0,0,0
40,127,48,70,0,0,0,0
40,127,49,74,0,0,0,0
41,127,48,76,0,0,0,0
42,127,49,77,0,0,0,0
41,125,51,79,0,0,0,0
40,126,52,81,0,0,0,0
48,125,50,82,0,0,0,0
50,127,53,84,0,0,0,0
49,127,51,88,0,0,0,0
50,125,53,90,0,1,0,0
52,126,52,92,0,1,0,0
51,125,53,93,0,1,0,0
54,125,53,94,0,1,0,0
45,125,56,97,0,1,0,0
46,125,55,100,0,1,0,0
49,127,55,101,0,1,0,0
49,127,55,104,0,1,0,0
51,126,57,106,0,1,0,0
52,127,58,108,0,1,0,0
52,127,58,108,0,1,0,0
53,127,58,111,0,1,0,0
55,125,59,112,0,1,0,0
55,126,60,114,0,1,0,0
55,126,59,117,0,1,0,0
57,126,59,118,0,1,0,0
57,126,58,118,0,1,0,0
58,127,60,116,0,1,0,0
60,126,60,112,0,0,0,0
59,127,60,111,0,0,0,0
60,126,58,110,0,0,0,0
59,126,59,107,0,0,0,0
58,127,57,105,0,0,0,0
59,126,58,104,0,0,0,0
60,127,57,101,0,0,0,0
59,126,56,100,0,0,0,0
58,126,58,98,0,0,0,0
58,127,55,94,0,0,0,0
59,127,57,94,0,0,0,0
59,125,56,92,0,0,0,0
60,127,56,89,0,0,0,0
58,125,54,87,0,0,0,0
57,125,54,86,0,0,1,0
58,125,55,83,0,0,1,0
57,127,53,82,0,0,1,0
55,127,54,78,0,0,1,0
54,126,53,76,0,0,1,0
53,127,53,75,0,0,1,0
52,126,52,74,0,0,1,0
52,126,53,70,0,0,1,0
51,126,53,70,0,0,1,0
48,127,51,68,0,0,1,0
49,126,51,65,0,0,1,0
46,126,53,62,0,0,1,0
45,125,51,62,0,0,1,0
46,126,50,59,0,0,1,0
45,126,51,56,0,0,1,0
44,126,50,54,0,0,0,0
43,126,49,52,0,0,0,0
45,126,50,51,0,0,0,0
43,126,49,49,0,0,0,0
43,127,50,46,0,0,0,0
45,125,48,46,0,0,0,0
44,127,49,44,0,0,0,0
43,125,50,42,0,0,0,0
44,127,47,40,0,0,0,0
45,126,49,37,0,0,0,0
43,126,49,35,0,0,0,0
45,125,49,32,0,0,0,0
45,127,47,32,0,0,0,0
45,127,48,29,0,0,0,0
44,125,46,32,0,0,0,0
45,127,47,32,0,0,0,0
43,127,46,36,0,0,0,0
44,125,46,38,0,0,0,0
45,125,47,40,0,0,0,0
44,125,49,41,0,0,0,0
43,126,48,42,0,0,0,0
44,126,49,44,0,0,0,0
43,127,47,48,0,0,0,0
43,125,47,49,0,0,0,0
45,126,47,51,0,0,0,0
45,126,47,53,0,0,0,0
44,126,47,56,0,0,0,0
43,126,49,56,0,0,0,0
43,126,48,60,0,0,0,0
45,126,48,62,0,0,0,0
44,125,50,64,0,0,0,0
43,125,48,65,0,0,0,0
44,125,48,66,0,0,0,0
44,126,50,69,0,0,0,0
43,125,49,70,0,0,0,0
45,125,50,72,0,0,0,0
44,126,49,76,0,0,0,0
45,126,50,77,0,0,0,0
45,127,49,79,0,0,0,0
43,126,49,81,0,0,0,0
43,125,51,84,0,0,0,0
45,126,49,84,0,0,0,0
45,127,50,88,0,0,0,0
43,125,50,90,0,0,0,0
45,127,50,92,0,0,0,0
44,125,50,92,0,0,0,0
43,125,51,94,0,0,0,0
44,127,51,98,0,0,0,0
44,127,51,98,0,0,0,0
45,125,50,102,0,0,0,0
43,126,52,103,0,0,0,0
45,125,51,106,0,0,0,0
43,125,51,107,0,0,0,0
43,125,52,110,0,0,0,0
43,127,52,112,0,0,0,0
45,125,52,112,0,0,0,0
45,126,52,115,0,0,0,0
45,126,51,116,0,0,0,0
45,125,51,120,0,0,0,1
45,125,51,118,0,0,0,1
45,122,51,115,0,0,0,1
44,121,52,113,0,0,0,1
45,120,52,110,0,0,0,1
44,120,51,110,0,0,0,1
43,118,51,106,0,0,0,1
45,119,52,105,0,0,0,1
44,118,51,103,0,0,0,1
43,117,52,100,0,0,0,1
44,116,52,100,0,0,0,1
43,115,52,96,0,0,0,1
44,112,51,94,0,0,0,1
45,113,54,94,0,0,0,1
45,111,53,91,0,0,0,1
44,111,53,88,0,0,0,1
45,109,54,86,0,0,0,1
45,108,53,84,0,0,0,1
43,108,52,82,0,0,0,1
43,106,53,82,0,0,0,1
45,106,54,79,0,0,0,1
44,107,54,77,1,0,0,0
43,107,52,75,1,0,0,0
44,108,54,72,1,0,0,0
44,110,55,70,1,0,0,0
51,109,54,69,1,0,0,0
51,111,53,66,1,0,0,0
51,113,53,64,1,0,0,0
52,112,55,62,1,0,0,0
53,115,54,60,1,0,0,0
52,115,55,60,1,0,0,0
51,117,54,57,1,0,0,0
52,116,55,56,1,0,0,0
51,117,54,57,1,0,0,0
53,118,56,56,1,0,0,0
53,119,55,59,1,0,0,0
51,121,56,58,1,0,0,0
52,121,55,60,1,0,0,0
54,121,57,60,0,1,0,0
53,122,57,64,0,1,0,0
55,122,57,64,0,1,0,0
57,122,57,66,0,1,0,0
48,122,56,64,0,1,0,0
50,122,58,68,0,1,0,0
50,122,57,66,0,1,0,0
52,123,58,70,0,1,0,0
51,122,57,68,0,0,0,0
51,121,60,71,0,0,0,0
53,121,60,70,0,0,0,0
53,121,60,72,0,0,0,0
52,121,59,72,0,0,0,0
51,121,59,75,0,0,0,0
53,122,60,75,0,0,0,0
51,123,60,76,0,0,0,0
53,123,59,78,0,0,0,0
53,121,61,80,0,0,0,0
51,121,62,78,0,0,0,0
52,121,62,80,0,0,0,0
52,121,62,82,0,0,0,0
60,122,62,83,0,0,0,0
61,123,61,82,0,0,0,0
59,123,61,86,0,0,0,0
60,122,64,85,0,0,0,0
60,121,63,88,0,0,0,0
61,122,63,86,0,0,0,0
61,121,64,90,0,0,0,0
60,123,64,90,0,0,0,0
60,123,64,92,0,0,0,0
59,123,65,91,0,0,0,0
60,122,65,92,0,0,0,0
59,121,66,92,0,0,0,0
59,122,66,96,0,0,0,0
60,121,66,94,0,0,0,0
60,123,65,98,0,0,0,0
61,123,67,97,0,0,0,0
61,121,65,100,0,0,0,0
59,122,67,99,0,0,0,0
59,123,68,100,0,0,0,0
61,123,66,101,0,0,0,0
59,122,68,103,0,0,0,0
60,123,67,103,0,0,0,0
61,121,67,105,0,0,0,0
59,123,67,104,0,0,0,0
59,122,68,107,0,0,0,0
61,123,68,106,0,0,0,0
61,121,69,110,0,0,0,0
61,122,69,109,0,0,0,0
59,123,69,110,0,0,0,0
59,122,70,112,0,0,0,0
59,122,71,112,0,0,0,0
61,121,71,112,0,0,0,0
60,123,72,116,0,0,0,0
61,123,72,115,0,0,0,0
59,122,71,112,0,0,0,0
60,123,73,111,0,0,0,0
61,121,73,108,0,0,0,0
61,123,75,108,0,0,0,0
60,123,73,105,0,0,0,0
61,123,75,104,0,0,0,0
61,121,76,101,0,0,0,0
59,122,77,99,0,0,0,0
59,122,78,98,0,0,0,0
59,123,77,94,0,0,0,0
61,123,77,93,0,0,0,0
61,122,79,91,0,0,0,0
59,121,81,89,0,0,0,0
61,122,79,87,0,0,0,0
62,123,80,84,0,1,0,0
62,121,83,84,0,1,0,0
63,123,82,80,0,1,0,0
64,123,83,78,0,1,0,0
66,121,83,77,0,1,0,0
66,123,83,76,0,1,0,0
68,123,85,74,0,1,0,0
68,122,86,72,0,1,0,0
69,122,87,68,0,1,0,0
71,123,86,67,0,1,0,0
71,123,88,66,0,1,0,0
72,121,87,63,0,1,0,0
72,122,90,62,0,1,0,0
74,121,91,58,0,1,0,0
74,122,90,58,0,1,0,0
75,123,91,54,0,1,0,0
78,122,92,53,0,1,0,0
78,122,91,52,0,1,0,0
78,123,94,50,0,1,0,0
79,122,92,47,0,1,0,0
82,122,94,44,0,1,0,0
82,122,96,44,0,1,0,0
82,122,96,41,0,1,0,0
83,122,97,40,0,1,0,0
85,121,97,38,0,1,0,0
87,123,96,35,0,1,0,0
88,121,97,32,0,1,0,0
88,123,99,32,0,1,0,0
88,121,98,30,0,1,0,0
90,123,100,32,0,1,0,0
91,123,99,34,0,1,0,0
90,120,100,36,0,0,0,1
91,121,100,37,0,0,0,1
91,120,100,39,0,0,0,1
90,118,99,42,0,0,0,1
90,116,100,43,0,0,0,1
90,117,98,45,0,0,0,1
90,114,98,47,0,0,0,1
92,115,98,49,0,0,0,1
92,113,97,51,0,0,0,1
91,113,98,52,0,0,0,1
91,111,98,54,0,0,1,0
90,113,97,56,0,0,1,0
87,111,98,58,0,0,1,0
88,111,99,62,0,0,1,0
86,111,98,63,0,0,0,0
86,111,99,65,0,0,0,0
87,113,99,68,0,0,0,0
86,112,97,70,0,0,0,0
88,112,96,71,0,0,0,0
87,112,98,73,0,0,0,0
87,112,98,76,0,0,0,0
88,113,97,76,0,0,0,0
86,111,97,78,0,0,0,0
87,112,97,80,0,0,0,0
86,113,97,82,0,0,0,0
86,112,97,84,0,0,0,0
87,113,96,88,0,0,0,0
88,111,98,89,0,0,0,0
87,112,95,92,0,0,0,0
87,111,95,93,0,0,0,0
87,113,97,96,0,0,0,0
86,112,96,96,0,0,0,0
86,111,97,100,0,0,0,0
88,112,97,100,0,0,0,0
87,111,96,102,0,0,0,0
86,112,95,104,0,0,0,0
88,111,97,103,0,0,0,0
86,113,95,102,0,0,0,0
87,111,98,99,0,0,0,0
88,112,98,96,0,0,0,0
88,113,96,96,0,0,0,0
86,112,97,94,0,0,0,0
87,112,97,92,0,0,0,0
88,111,99,88,0,0,0,0
88,113,99,86,0,0,0,0
87,111,100,86,0,0,0,0
87,111,99,83,0,0,0,0
88,111,99,82,0,0,0,0
87,111,100,79,0,0,0,0
87,113,100,78,0,0,0,0
88,111,101,76,0,0,0,0
87,112,99,72,0,0,0,0
86,113,101,72,0,0,0,0
87,112,102,70,0,0,0,0
88,111,100,68,0,0,0,0
88,113,102,64,0,0,0,0
88,112,103,63,0,0,0,0
86,112,102,62,0,0,0,0
88,111,103,58,0,0,0,0
86,113,103,57,0,0,0,0
86,113,104,56,0,0,0,0
87,112,103,53,0,0,0,0
88,113,102,52,0,0,0,0
88,113,105,48,0,0,0,0
86,112,104,47,0,0,0,0
86,113,104,44,0,0,0,0
87,112,105,44,0,0,0,0
87,111,105,42,0,0,0,0
88,111,105,39,0,0,0,0
88,111,106,38,0,0,0,0
88,111,106,34,0,0,0,0
88,111,105,32,0,0,0,0
88,112,107,31,0,0,0,0
88,112,105,33,0,0,0,0
87,113,104,36,0,1,0,0
90,112,105,38,0,1,0,0
89,112,103,40,0,1,0,0
92,112,103,42,0,1,0,0
93,111,102,44,0,1,0,0
93,111,99,45,0,1,0,0
95,111,100,48,0,1,0,0
96,112,98,50,0,1,0,0
96,112,98,52,0,1,0,0
94,112,98,52,0,0,1,0
93,112,95,54,0,0,1,0
92,113,94,58,0,0,1,0
93,112,94,59,0,0,1,0
91,113,93,61,0,0,1,0
91,113,92,64,0,0,1,0
89,112,92,65,0,0,1,0
89,112,91,66,0,0,1,0
86,111,89,69,0,0,1,0
87,113,90,70,0,0,1,0
85,111,90,74,0,0,1,0
84,112,87,74,0,0,1,0
83,112,88,77,0,0,1,0
83,111,86,78,0,0,1,0
82,111,86,81,0,0,1,0
81,111,84,83,0,0,1,0
80,111,84,85,0,0,1,0
79,111,83,86,0,0,1,0
76,112,81,90,0,0,1,0
77,112,82,91,0,0,1,0
76,113,80,93,0,0,1,0
73,113,78,96,0,0,1,0
72,111,78,97,0,0,1,0
72,111,79,99,0,0,1,0
71,113,78,100,0,0,1,0
71,112,76,102,0,0,1,0
68,111,74,106,0,0,1,0
69,112,75,108,0,0,1,0
66,111,74,105,0,0,1,0
65,113,74,102,0,0,1,0
64,111,75,102,0,0,1,0
64,112,73,100,0,0,1,0
64,113,73,98,0,0,1,0
62,113,73,95,0,0,1,0
62,111,75,93,0,0,1,0
60,112,73,90,0,0,1,0
60,111,73,90,0,0,1,0
57,111,72,86,0,0,1,0
57,111,72,86,0,0,0,0
59,112,73,83,0,0,0,0
59,113,74,80,0,0,0,0
58,113,72,80,0,0,0,0
57,113,73,76,0,0,0,0
58,111,72,74,0,0,0,0
58,112,72,73,0,0,0,0
59,111,71,70,0,0,0,0
58,112,73,69,0,0,0,0
59,111,71,67,0,0,0,0
57,113,71,64,0,0,0,0
59,111,73,62,0,0,0,0
57,112,72,61,0,0,0,0
60,112,73,58,0,1,0,0
59,113,71,57,0,1,0,0
60,111,72,56,0,1,0,0
63,112,72,53,0,1,0,0
64,112,72,50,0,1,0,0
65,112,70,49,0,1,0,0
66,111,72,48,0,1,0,0
66,111,71,45,0,1,0,0
68,112,73,47,0,1,0,0
67,111,74,49,0,0,0,0
66,111,73,50,0,0,0,0
68,113,75,54,0,0,0,0
68,111,74,56,0,0,0,0
68,112,75,58,0,0,0,0
68,112,77,59,0,0,0,0
69,111,76,60,0,1,0,0
70,111,77,62,0,1,0,0
69,111,77,65,0,1,0,0
71,113,79,67,0,1,0,0
71,112,79,68,0,1,0,0
74,113,81,72,0,1,0,0
73,111,81,74,0,1,0,0
76,112,81,74,0,1,0,0
75,113,81,76,0,1,0,0
78,113,83,78,0,1,0,0
77,113,84,82,0,1,0,0
80,112,83,84,0,1,0,0
79,113,85,84,0,1,0,0
81,112,84,88,0,1,0,0
81,113,87,90,0,1,0,0
84,112,87,90,0,1,0,0
83,111,86,93,0,1,0,0
84,113,89,94,0,1,0,0
87,113,87,98,0,1,0,0
85,112,90,100,0,0,1,0
86,113,91,100,0,0,0,0
85,112,90,103,0,0,0,0
84,111,92,104,0,0,0,0
86,112,91,106,0,0,0,0
84,113,93,104,0,0,0,0
85,112,92,104,0,0,0,0
84,113,91,100,0,0,0,0
85,111,92,98,0,0,0,0
84,111,92,96,0,0,0,0
85,111,91,96,0,0,0,0
84,112,90,92,0,0,0,0
85,112,91,91,0,0,0,0
84,111,92,88,0,0,0,0
85,112,92,86,0,0,0,0
85,112,90,84,0,0,0,0
86,111,89,82,0,0,0,0
84,113,90,81,0,0,0,0
84,111,90,79,0,0,0,0
86,113,91,76,0,0,0,0
84,111,91,76,0,0,0,0
85,112,91,74,0,0,0,0
84,113,89,71,0,0,0,0
84,112,91,70,0,0,0,0
86,112,89,68,0,0,0,0
85,112,90,66,0,0,0,0
86,111,89,63,0,0,0,0
86,111,89,60,0,0,0,0
84,111,90,60,0,0,0,0
86,113,89,58,0,0,0,0
85,111,90,55,0,0,0,0
85,113,90,52,0,0,0,0
84,113,89,52,0,0,0,0
85,113,89,49,0,0,0,0
84,113,90,46,0,0,0,0
86,112,88,44,0,0,0,0
86,112,90,43,0,0,0,0
84,112,90,40,0,0,0,0
86,113,89,39,0,0,0,0
85,112,89,38,0,0,0,0
86,111,89,34,0,0,0,0
84,111,89,32,0,0,0,0
84,112,87,30,0,0,0,0
84,113,88,28,0,0,0,0
84,112,89,26,0,0,0,0
86,112,87,24,0,0,0,0
85,111,89,23,0,0,0,0
86,112,88,21,0,0,0,0
84,111,88,18,0,0,0,0
85,112,88,17,0,0,0,0
84,111,88,15,0,0,0,0
86,111,87,15,0,0,0,0
85,112,87,12,0,0,0,0
84,113,86,13,0,0,0,0
76,111,85,14,0,0,0,0
76,113,85,16,0,0,0,0
78,112,84,19,0,0,0,0
76,111,82,21,0,0,0,0
77,113,83,23,0,0,0,0
76,113,81,25,0,0,0,0
76,111,79,27,0,0,0,0
78,111,80,28,0,0,0,0
76,113,79,31,0,0,0,0
78,113,79,34,0,0,0,0
77,112,76,34,0,0,0,0
76,111,76,36,0,0,1,0
74,112,76,38,0,0,1,0
74,112,75,42,0,0,1,0
73,111,74,43,0,0,1,0
71,111,73,45,0,0,1,0
71,111,71,46,0,0,1,0
69,113,71,50,0,0,1,0
69,112,71,50,0,0,1,0
67,112,69,52,0,0,1,0
67,112,70,56,0,0,1,0
67,112,69,57,0,0,1,0
66,112,66,60,0,0,1,0
65,113,66,60,0,0,1,0
62,113,66,63,0,0,1,0
63,111,63,65,0,0,1,0
62,112,64,68,0,0,1,0
61,112,63,69,0,0,1,0
58,112,63,72,0,0,1,0
59,113,62,74,0,0,1,0
56,113,61,74,0,0,1,0
57,112,59,76,0,0,1,0
55,112,58,79,0,0,1,0
54,111,57,81,0,0,1,0
53,111,58,83,0,0,1,0
52,111,56,85,0,0,1,0
51,111,56,87,0,0,1,0
51,113,54,88,0,0,1,0
49,113,52,91,0,0,1,0
47,113,54,94,0,0,1,0
46,111,52,96,0,0,1,0
46,113,51,96,0,0,1,0
46,111,51,99,0,0,1,0
44,112,49,100,0,0,1,0
43,112,48,102,0,0,1,0
41,112,47,106,0,0,1,0
40,112,46,107,0,0,1,0
40,113,47,105,0,0,1,0
39,113,47,104,0,0,1,0
39,111,46,102,0,0,1,0
36,111,48,99,0,0,1,0
44,111,48,96,0,0,1,0
43,112,47,96,0,0,1,0
43,113,47,92,0,0,1,0
40,112,46,91,0,0,1,0
41,112,47,88,0,0,1,0
40,111,47,87,0,0,1,0
37,112,49,85,0,0,1,0
38,112,47,83,0,0,1,0
36,113,48,80,0,0,1,0
34,111,49,79,0,0,1,0
37,111,49,76,0,1,0,0
38,113,49,75,0,1,0,0
38,112,49,72,0,1,0,0
39,112,49,72,0,1,0,0
41,112,48,68,0,1,0,0
40,112,48,67,0,1,0,0
42,112,50,64,0,1,0,0
43,113,49,64,0,1,0,0
45,112,48,60,0,1,0,0
45,113,49,58,0,1,0,0
47,113,49,57,0,1,0,0
46,111,49,54,0,1,0,0
47,113,49,52,0,1,0,0
42,112,48,51,0,1,0,0
41,111,49,51,0,1,0,0
42,111,49,52,0,1,0,0
45,112,48,52,0,1,0,0
45,111,49,55,0,1,0,0
45,113,50,54,0,1,0,0
48,111,49,56,0,1,0,0
48,112,49,57,0,1,0,0
50,113,49,60,0,1,0,0
51,113,48,60,0,1,0,0
52,111,48,61,0,1,0,0
52,113,49,60,0,1,0,0
54,111,48,64,0,1,0,0
55,112,47,62,0,1,0,0
54,111,47,64,0,0,1,0
52,113,49,64,0,0,1,0
51,111,49,68,0,0,1,0
51,112,49,67,0,0,1,0
49,111,48,68,0,0,1,0
47,111,46,68,0,0,1,0
48,113,47,72,0,0,1,0
45,112,48,72,0,0,1,0
46,112,47,73,0,0,1,0
44,112,47,72,0,0,1,0
43,112,46,74,0,0,1,0
42,113,48,76,0,0,0,0
43,111,48,78,0,0,0,0
43,112,48,77,0,0,0,0
42,111,47,79,0,0,0,0
42,112,47,78,0,0,0,0
42,111,47,82,0,0,0,0
44,111,45,80,0,0,0,0
42,111,46,83,0,0,0,0
42,112,45,83,0,0,0,0
44,112,45,85,0,0,0,0
44,111,45,86,0,0,0,0
43,113,46,88,0,0,0,0
42,111,45,88,0,0,0,0
43,113,46,89,0,0,0,0
42,112,47,89,0,0,0,0
44,111,46,92,0,0,0,0
44,112,45,91,0,0,0,0
44,113,44,93,0,0,0,0
42,112,45,94,0,0,0,0
42,113,45,95,0,0,0,0
42,113,44,95,0,0,0,0
43,113,44,96,0,0,0,0
42,111,45,96,0,0,0,0
43,112,44,99,0,0,0,0
44,113,44,99,0,0,0,0
43,112,46,100,0,0,0,0
43,111,45,102,0,0,1,0
40,112,45,102,0,0,1,0
41,111,43,102,0,0,1,0
38,111,43,105,0,0,1,0
37,113,45,104,0,0,1,0
37,113,44,102,0,0,1,0
37,113,46,101,0,0,1,0
35,113,45,99,0,0,1,0
41,112,46,96,0,0,1,0
42,112,44,94,0,0,0,0
42,112,46,93,0,0,0,0
43,113,46,90,0,0,0,0
43,111,46,88,0,0,0,0
41,111,47,88,0,0,0,0
41,112,47,85,0,0,0,0
41,111,48,83,0,0,0,0
42,113,47,82,0,0,0,0
41,113,47,78,0,0,0,0
42,113,49,77,0,0,0,0
43,111,49,75,0,0,0,0
41,112,50,73,0,0,0,0
42,112,49,71,0,0,0,0
43,111,48,68,0,0,0,0
41,112,49,68,0,0,0,0
41,111,49,66,0,0,0,0
41,111,51,63,0,0,0,0
43,112,49,61,0,0,0,0
43,112,50,58,0,0,0,0
43,113,52,57,0,0,0,0
42,111,51,55,0,0,0,0
41,113,52,53,0,0,0,0
42,112,52,50,0,0,0,0
42,113,53,50,0,0,0,0
43,113,52,46,0,0,0,0
41,111,54,44,0,0,0,0
42,111,53,43,0,0,0,0
41,111,52,40,0,0,0,0
42,113,53,40,0,0,0,0
43,113,54,36,0,0,0,0
41,111,54,34,0,0,0,0
43,111,55,36,0,0,0,0
43,112,53,39,0,0,0,0
44,111,54,41,0,1,0,0
44,111,53,42,0,1,0,0
45,112,52,44,0,1,0,0
45,113,52,46,0,1,0,0
47,112,53,50,0,1,0,0
47,111,54,52,0,1,0,0
49,113,54,53,0,1,0,0
50,111,52,56,0,1,0,0
51,111,52,58,0,1,0,0
51,112,54,60,0,1,0,0
46,111,52,60,0,1,0,0
44,112,53,63,0,0,0,0
46,111,53,64,0,0,0,0
44,112,51,68,0,0,0,0
45,113,53,69,0,0,0,0
45,113,51,72,0,0,0,0
44,111,53,73,0,0,0,0
45,111,52,75,0,0,0,0
44,112,51,77,0,0,0,0
46,112,52,80,0,0,0,0
46,113,51,80,0,0,0,0
46,112,51,82,0,0,0,0
45,111,52,86,0,0,0,0
46,112,52,87,0,0,0,0
44,111,52,90,0,0,0,0
44,112,52,91,0,0,0,0
46,113,50,94,0,0,0,0
45,112,52,94,0,0,0,0
45,111,50,97,0,0,0,0
45,112,52,98,0,0,0,0
45,112,50,102,0,0,0,0
45,111,50,104,0,0,0,0
44,111,51,105,0,0,0,0
45,111,52,103,0,0,0,0
46,111,51,100,0,0,0,0
46,111,51,99,0,0,0,0
46,111,50,97,0,0,0,0
45,111,52,95,0,0,0,0
46,111,50,93,0,0,0,0
45,112,50,91,0,0,0,0
45,113,50,90,0,0,0,0
44,113,51,86,0,0,0,0
45,113,53,84,0,0,0,0
44,111,52,84,0,0,0,0
44,113,52,80,0,0,0,0
46,111,52,80,0,0,0,0
44,113,52,78,0,0,0,0
44,113,52,75,0,0,0,0
46,112,52,74,0,0,0,0
46,113,51,70,0,0,0,0
46,113,51,70,0,0,0,0
44,111,53,67,0,0,0,0
44,112,53,64,0,0,0,0
46,111,52,63,0,0,0,0
46,113,52,62,0,0,0,0
46,113,53,60,0,0,0,0
44,113,53,58,0,0,0,0
46,112,54,55,0,0,0,0
46,112,54,54,0,0,0,0
45,113,52,51,0,0,0,0
44,111,53,50,0,0,0,0
44,113,52,46,0,0,0,0
46,112,54,46,0,0,0,0
45,113,54,43,0,0,0,0
45,111,55,42,0,0,0,0
45,113,54,38,0,0,0,0
44,111,53,37,0,0,0,0
46,113,55,34,0,0,0,0
46,112,53,32,0,0,0,0
44,112,54,30,0,0,0,0
46,113,55,28,0,0,0,0
45,111,53,26,0,0,0,0
44,113,55,24,0,0,0,0
46,112,55,26,0,0,0,0
54,111,55,28,0,0,0,0
54,113,54,32,0,0,0,0
52,111,55,33,0,0,0,0
54,113,55,36,0,0,0,0
53,113,56,38,0,0,0,0
53,113,57,40,0,0,0,0
53,111,56,40,0,0,0,0
53,113,57,43,0,0,0,0
54,111,57,46,0,0,0,0
55,113,58,46,0,1,0,0
54,113,59,50,0,1,0,0
56,111,57,52,0,1,0,0
57,113,59,54,0,1,0,0
50,113,60,54,0,1,0,0
52,111,59,57,0,1,0,0
53,111,60,60,0,1,0,0
53,113,60,61,0,1,0,0
54,112,61,63,0,1,0,0
54,112,61,64,0,1,0,0
57,111,59,66,0,1,0,0
58,111,60,69,0,1,0,0
59,113,61,72,0,1,0,0
58,113,60,74,0,1,0,0
60,111,62,75,0,0,0,0
60,113,63,77,0,0,0,0
58,112,62,80,0,0,0,0
59,112,63,81,0,0,0,0
59,113,64,83,0,0,0,0
60,113,64,86,0,0,0,0
60,111,63,86,0,0,0,0
58,113,62,89,0,0,0,0
59,112,65,90,0,0,0,0
58,113,63,94,0,0,0,0
59,112,64,96,0,0,0,0
60,112,64,97,0,0,0,0
59,113,66,100,0,0,0,0
60,113,66,100,0,0,0,0
60,112,64,104,0,0,0,0
59,112,65,106,0,0,0,0
58,112,66,103,0,0,0,0
59,112,65,102,0,0,0,0
58,111,66,100,0,0,0,0
59,113,65,96,0,0,0,0
58,112,66,96,0,0,0,0
58,113,66,94,0,0,0,0
59,111,66,90,0,0,0,0
58,112,64,88,0,0,0,0
60,112,66,86,0,0,0,0
60,111,66,84,0,0,0,0
59,113,64,84,0,0,0,0
58,112,65,80,0,0,0,0
60,112,63,80,0,0,0,0
59,111,65,76,0,0,0,0
59,112,64,75,0,0,0,0
58,112,63,72,0,0,0,0
58,113,63,70,0,0,0,0
59,112,63,70,0,0,0,0
59,111,63,67,0,0,0,0
59,112,65,64,0,0,0,0
58,111,63,64,0,0,0,0
59,113,65,62,0,0,0,0
59,111,64,60,0,0,0,0
59,113,64,58,0,0,0,0
60,112,64,54,0,0,0,0
58,113,63,53,0,0,0,0
60,112,63,51,0,0,0,0
58,111,63,48,0,0,0,0
58,113,64,52,0,0,0,0
59,111,61,51,0,0,0,0
58,113,62,52,0,0,0,0
59,111,63,53,0,0,1,0
59,114,61,54,1,0,0,0
59,114,62,56,1,0,0,0
57,114,60,56,1,0,0,0
58,115,61,58,1,0,0,0
59,118,61,60,1,0,0,0
59,119,60,60,1,0,0,0
58,119,59,61,0,0,1,0
55,117,60,60,0,0,1,0
54,119,58,64,0,0,1,0
53,117,60,63,0,0,1,0
53,117,60,64,0,0,1,0
52,117,58,65,0,0,1,0
52,119,58,68,0,0,1,0
49,119,59,68,0,0,1,0
50,119,58,68,0,0,1,0
47,117,57,69,0,0,1,0
48,119,57,70,0,0,1,0
53,117,57,72,0,0,1,0
53,117,58,72,0,0,1,0
53,117,57,74,0,0,0,0
52,118,56,74,0,0,0,0
53,118,55,74,0,0,0,0
54,119,55,76,0,0,0,0
54,119,56,77,0,0,0,0
54,117,55,78,0,0,0,0
53,117,56,79,0,0,0,0
53,119,54,80,0,0,0,0
44,117,53,80,0,0,0,0
46,119,54,83,0,0,0,0
45,119,54,83,0,0,0,0
45,118,53,86,0,0,0,0
44,117,52,84,0,0,0,0
45,117,52,86,0,0,0,0
43,117,52,86,0,0,1,0
42,119,52,88,0,0,1,0
42,118,53,89,0,0,1,0
48,117,50,92,0,0,1,0
47,119,50,90,0,0,1,0
46,117,52,94,0,0,1,0
45,117,52,94,0,0,1,0
44,117,49,96,0,0,1,0
44,118,51,95,0,0,1,0
44,118,51,96,0,0,0,0
45,118,51,96,0,0,0,0
43,119,49,98,0,0,0,0
45,119,49,98,0,0,0,0
45,117,48,100,0,0,0,0
45,118,47,100,0,0,0,0
44,117,49,102,0,0,0,0
45,119,48,102,0,0,0,0
43,118,49,104,0,0,0,0
43,118,48,104,0,0,0,0
44,117,47,107,0,0,0,0
45,118,48,108,0,0,0,0
45,117,45,109,0,0,0,0
44,117,47,108,0,0,0,0
44,119,45,110,0,0,0,0
43,119,46,110,0,0,0,0
43,117,47,109,0,0,0,0
45,118,46,107,0,0,0,0
44,118,47,105,0,0,0,0
45,118,45,103,0,0,0,0
45,118,46,101,0,0,0,0
44,117,46,100,0,0,0,0
43,119,45,96,0,0,0,0
44,119,47,94,0,0,0,0
45,119,46,94,1,0,0,0
45,120,46,91,1,0,0,0
45,122,48,90,1,0,0,0
45,122,47,87,1,0,0,0
45,124,46,86,1,0,0,0
43,125,48,83,1,0,0,0
45,124,47,81,1,0,0,0
43,125,47,78,1,0,0,0
44,126,46,77,1,0,0,0
45,127,46,75,1,0,0,0
44,128,47,72,1,0,0,0
45,130,48,72,0,0,0,0
43,128,48,68,0,0,0,0
44,130,48,67,0,0,0,0
43,129,49,64,0,0,0,0
44,130,47,63,0,0,0,0
43,128,47,62,0,0,0,0
45,129,48,59,0,0,0,0
45,130,49,57,0,0,0,0
44,129,47,55,0,0,0,0
43,128,47,53,0,0,0,0
43,129,49,50,0,0,0,0
45,130,47,50,0,0,0,0
44,129,49,48,0,0,0,0
45,129,49,46,0,0,0,0
45,130,48,43,0,0,0,0
44,128,48,41,0,0,0,0
44,130,48,40,0,0,0,0
43,128,49,36,0,0,0,0
43,129,48,34,0,0,0,0
45,128,50,32,0,0,0,0
45,128,49,31,0,0,0,0
45,130,49,30,0,0,0,0
43,130,51,27,0,0,0,0
45,130,49,30,0,0,0,0
45,129,51,32,0,0,0,0
44,129,51,34,0,0,0,0
43,130,49,36,0,0,0,0
43,128,50,36,0,0,0,0
44,130,51,39,0,0,0,0
44,130,50,42,0,0,0,0
44,128,50,44,0,0,0,0
44,130,50,44,0,0,0,0
43,128,49,46,0,0,0,0
46,128,52,48,0,1,0,0
46,130,52,52,0,1,0,0
46,129,52,54,0,1,0,0
47,128,51,54,0,1,0,0
48,130,52,58,0,1,0,0
50,129,51,60,0,1,0,0
43,128,52,62,0,1,0,0
45,128,52,63,0,1,0,0
45,128,52,66,0,1,0,0
45,128,51,67,0,1,0,0
47,130,50,70,0,1,0,0
47,130,51,70,0,1,0,0
48,128,51,73,0,1,0,0
51,130,52,75,0,1,0,0
50,129,51,78,0,1,0,0
53,128,53,79,0,1,0,0
52,128,51,81,0,0,0,1
51,129,51,83,0,0,1,0
51,128,52,84,0,0,1,0
49,128,51,88,0,0,1,0
48,129,52,89,0,0,1,0
48,129,54,92,0,0,1,0
46,127,54,92,0,0,1,0
45,129,54,94,0,0,1,0
44,129,53,96,0,0,0,0
44,128,53,98,0,0,0,0
45,129,53,100,0,0,0,0
45,129,54,102,0,0,0,0
45,128,54,104,0,0,0,0
45,129,52,108,0,0,0,0
44,127,53,110,0,0,0,0
46,127,54,112,0,0,0,0
45,129,53,114,0,0,0,0
44,129,55,116,0,0,0,0
45,127,55,116,0,0,0,0
44,128,55,119,0,0,0,0
46,129,55,121,0,0,0,0
45,127,54,122,0,0,0,0
44,129,55,120,0,0,0,0
44,127,54,119,0,0,0,0
54,128,54,116,0,0,0,0
52,127,54,114,0,0,0,0
52,129,55,113,0,0,0,0
54,127,55,111,0,0,0,0
54,127,55,109,0,0,0,0
53,129,57,108,0,0,0,0
53,128,58,105,0,0,0,0
53,129,57,103,0,0,0,0
53,128,58,102,0,0,0,0
54,129,56,98,0,0,0,0
53,128,59,96,0,0,0,0
54,129,57,95,0,0,0,0
52,128,57,94,0,0,0,0
52,129,59,92,0,0,0,0
54,127,59,89,0,0,0,0
53,126,58,88,0,0,0,1
54,127,59,86,0,0,0,1
54,125,59,83,0,0,0,1
52,123,59,80,0,0,0,1
52,123,60,79,0,0,0,1
54,121,60,76,0,0,0,1
54,120,60,76,0,0,0,1
53,121,61,74,0,0,0,1
52,119,62,70,0,0,0,1
53,118,63,68,0,0,0,1
53,117,62,68,0,0,0,1
53,117,63,65,0,0,0,1
52,115,61,62,0,0,0,1
54,115,62,62,0,0,0,1
54,113,64,58,0,0,0,1
54,111,63,58,0,0,0,1
54,112,63,56,0,1,0,0
56,111,63,53,0,1,0,0
56,111,64,52,0,1,0,0
58,111,65,48,0,1,0,0
57,113,64,48,0,1,0,0
59,113,66,45,0,1,0,0
60,113,64,42,0,1,0,0
62,112,65,42,0,1,0,0
61,111,67,38,0,1,0,0
63,112,67,36,1,0,0,0
61,113,66,36,1,0,0,0
63,114,66,32,1,0,0,0
61,117,66,30,1,0,0,0
63,117,67,28,1,0,0,0
61,119,68,26,1,0,0,0
62,120,67,25,1,0,0,0
62,119,69,22,1,0,0,0
62,120,68,21,0,1,0,0
65,121,68,20,0,1,0,0
64,121,70,17,0,1,0,0
66,119,69,14,0,1,0,0
67,119,68,15,0,1,0,0
67,121,69,12,0,1,0,0
69,120,70,13,0,0,0,0
68,119,71,16,0,0,0,0
69,121,71,17,0,0,0,0
67,120,72,18,0,0,0,0
67,120,74,22,0,0,0,0
68,120,75,22,0,0,0,0
69,120,75,24,0,0,0,0
68,119,76,27,0,0,0,0
69,119,77,29,0,0,0,0
67,119,75,30,0,0,0,0
67,120,76,33,0,0,0,0
69,121,78,35,0,0,0,0
68,121,77,36,0,1,0,0
69,120,78,40,0,1,0,0
72,120,79,41,0,1,0,0
72,119,79,43,0,1,0,0
72,121,82,46,0,1,0,0
74,121,83,48,0,1,0,0
75,121,81,48,0,1,0,0
76,120,84,52,0,1,0,0
76,119,83,54,0,1,0,0
78,119,85,55,0,1,0,0
79,119,84,56,0,1,0,0
79,119,86,58,0,1,0,0
81,119,87,62,0,1,0,0
81,119,87,64,0,1,0,0
84,120,86,65,0,1,0,0
83,119,88,68,0,1,0,0
84,120,89,70,0,1,0,0
87,120,89,71,0,1,0,0
87,121,91,73,0,1,0,0
87,121,90,76,0,1,0,0
88,119,92,78,0,1,0,0
89,120,92,78,0,1,0,0
90,121,94,81,0,1,0,0
91,120,93,82,0,1,0,0
86,119,94,85,0,1,0,0
86,121,94,86,0,1,0,0
87,120,96,88,0,1,0,0
87,121,97,90,0,1,0,0
89,121,98,93,0,1,0,0
89,120,98,95,0,1,0,0
90,120,97,96,0,1,0,0
93,120,100,100,0,1,0,0
94,119,100,100,0,1,0,0
94,119,100,104,0,0,0,0
93,121,102,105,0,0,0,0
93,120,100,106,0,0,0,0
92,121,103,109,0,0,0,0
93,121,102,112,0,0,0,0
101,119,102,113,0,0,0,0
102,121,105,115,0,0,0,0
102,120,104,112,0,0,0,0
102,120,103,111,0,0,0,0
92,120,100,110,0,0,0,0
92,120,101,108,0,0,0,0
93,119,100,104,0,0,0,0
94,120,98,103,0,0,0,0
93,120,98,101,0,0,0,0
92,119,98,99,0,0,0,0
94,121,97,97,0,0,0,0
92,120,94,95,0,0,0,0
92,121,96,93,0,0,0,0
92,119,93,92,0,0,0,0
93,120,92,89,0,0,0,0
94,119,91,87,0,0,0,0
93,120,92,84,0,0,0,0
93,121,91,83,0,0,1,0
92,120,91,80,0,0,1,0
89,119,88,79,0,0,1,0
90,121,89,76,0,0,1,0
87,120,86,75,0,0,1,0
88,119,87,74,0,0,1,0
86,119,85,71,0,0,1,0
86,121,85,69,0,0,1,0
85,120,85,67,0,0,1,0
82,121,82,65,0,0,1,0
81,119,81,62,0,0,1,0
80,119,80,61,0,0,1,0
80,120,81,59,0,0,1,0
79,121,79,57,0,0,1,0
78,121,80,54,0,0,1,0
78,120,79,54,0,0,1,0
75,120,76,51,0,0,1,0
75,120,77,50,0,0,1,0
75,121,76,52,0,0,1,0
74,120,74,54,0,0,1,0
73,119,73,56,0,0,1,0
71,120,72,58,0,0,1,0
70,121,74,59,0,0,1,0
69,120,71,61,0,0,1,0
68,120,72,64,0,0,1,0
66,120,72,66,0,0,1,0
66,121,69,67,0,0,1,0
64,120,68,68,0,0,1,0
65,120,70,71,0,0,1,0
62,119,67,74,0,0,1,0
63,119,68,74,0,0,1,0
62,120,68,77,0,0,1,0
59,120,65,78,0,0,1,0
58,119,66,82,0,0,1,0
57,120,65,82,0,0,1,0
56,119,64,86,0,0,1,0
56,119,64,88,0,0,1,0
55,120,64,88,0,0,1,0
53,119,62,92,0,0,1,0
54,119,61,92,0,0,1,0
53,120,62,94,0,0,1,0
52,119,61,98,0,0,1,0
51,120,59,100,0,0,1,0
57,121,58,100,0,0,1,0
55,120,57,104,0,0,1,0
55,119,57,105,0,0,1,0
54,119,57,107,0,0,1,0
54,121,57,109,0,0,0,0
54,120,56,110,0,0,0,0
54,121,54,113,0,0,0,0
45,121,53,116,0,0,0,0
47,120,53,114,0,0,0,0
45,121,56,112,0,0,0,0
47,120,55,109,0,0,0,0
46,121,56,106,0,0,0,0
47,120,55,104,0,0,0,0
47,120,56,103,0,0,0,0
45,119,56,101,0,0,0,0
47,120,55,99,0,0,0,0
47,121,56,96,0,0,0,0
46,121,54,95,0,0,0,0
45,120,56,94,0,0,0,0
46,121,55,91,0,0,0,0
55,121,57,89,0,0,0,0
54,120,56,88,0,0,0,0
54,120,55,86,0,0,0,0
55,121,55,82,0,0,0,0
55,119,56,80,0,0,0,0
53,121,56,79,0,0,0,0
53,120,57,76,0,0,0,0
54,119,56,75,0,0,0,0
53,120,57,74,0,0,0,0
53,120,56,70,0,0,0,0
53,119,58,68,0,0,0,0
55,119,56,67,0,0,0,0
54,121,56,66,0,0,0,0
55,120,56,62,0,0,0,0
54,119,56,60,0,0,0,0
53,121,57,59,0,0,0,0
53,120,57,57,0,0,0,0
53,121,58,55,0,0,0,0
53,120,58,52,0,0,0,0
54,120,58,50,0,0,0,0
54,121,58,48,0,0,0,0
55,120,57,46,0,0,0,0
54,120,57,44,0,0,0,0
54,120,59,44,0,0,0,0
53,119,58,40,0,0,0,0
53,119,59,39,0,0,0,0
55,121,59,37,0,0,0,0
53,120,58,35,0,0,0,0
55,121,58,33,0,0,0,0
53,121,59,36,0,0,0,0
54,121,61,38,0,0,0,0
54,121,59,39,0,0,0,0
53,121,60,41,0,0,0,0
53,121,61,44,0,0,0,0
55,119,62,44,0,0,0,0
55,120,63,47,0,0,0,0
53,119,62,48,0,0,0,0
54,120,63,52,0,0,0,0
54,119,66,54,0,0,0,0
53,119,66,55,0,0,0,0
56,121,65,56,0,1,0,0
57,120,66,60,0,1,0,0
57,121,68,60,0,1,0,0
57,121,67,62,0,1,0,0
58,119,69,65,0,1,0,0
59,121,69,67,0,1,0,0
60,120,71,68,0,1,0,0
62,121,71,71,0,1,0,0
63,121,72,73,0,1,0,0
63,119,72,75,0,1,0,0
66,121,72,76,0,1,0,0
66,119,73,80,0,1,0,0
67,119,74,81,0,1,0,0
67,119,75,82,0,1,0,0
69,119,75,84,0,1,0,0
69,120,76,87,0,1,0,0
70,119,76,89,0,1,0,0
71,121,78,91,0,1,0,0
73,119,78,92,0,1,0,0
73,121,80,96,0,1,0,0
74,120,79,96,0,1,0,0
76,121,80,98,0,1,0,0
76,119,80,100,0,1,0,0
78,119,82,104,0,1,0,0
79,119,81,104,0,1,0,0
81,120,83,107,0,1,0,0
81,121,83,108,0,1,0,0
82,120,85,110,0,0,0,0
80,119,84,114,0,0,0,0
81,119,84,115,0,0,0,0
81,120,85,112,0,0,0,0
81,121,85,111,0,0,0,0
82,120,83,110,0,0,0,0
82,121,82,107,0,0,0,0
82,121,82,105,0,0,0,0
74,120,82,104,0,0,0,0
72,121,82,101,0,0,0,0
74,119,79,99,0,0,0,0
74,119,79,97,0,0,0,0
72,120,80,96,0,0,0,0
74,120,77,94,0,0,0,0
72,119,77,92,0,0,0,0
73,119,78,88,0,0,0,0
74,121,75,88,0,0,0,0
73,121,75,85,0,0,0,0
72,120,76,82,0,0,0,0
74,120,75,80,0,0,0,0
73,119,72,78,0,0,0,0
73,119,73,78,0,0,0,0
74,121,73,74,0,0,0,0
74,121,70,74,0,0,0,0
74,119,72,71,0,0,0,0
72,119,70,68,0,0,0,0
72,119,69,66,0,0,0,0
72,120,68,65,0,0,0,0
73,119,69,62,0,0,0,0
74,119,68,61,0,0,0,0
72,119,67,59,0,0,0,0
72,120,66,56,0,0,0,0
74,120,66,56,0,0,0,0
74,119,65,54,0,0,0,0
72,121,65,52,0,0,1,0
71,119,63,48,0,0,1,0
71,120,63,47,0,0,1,0
70,120,63,44,0,0,1,0
69,120,63,42,0,0,1,0
66,119,60,42,0,0,1,0
66,119,61,40,0,0,1,0
65,120,60,36,0,0,1,0
65,121,58,34,0,0,1,0
62,121,59,34,0,0,1,0
61,119,58,30,0,0,1,0
61,120,57,29,0,0,1,0
61,119,57,26,0,0,1,0
60,119,55,25,0,0,1,0
58,119,54,24,0,0,1,0
58,119,53,21,0,0,1,0
57,120,53,20,0,0,1,0
55,121,52,18,0,0,1,0
55,120,53,15,0,0,1,0
53,120,53,14,0,0,1,0
53,121,52,13,0,0,1,0
50,121,52,14,0,0,1,0
49,121,52,14,0,0,1,0
50,119,54,18,0,0,1,0
48,121,53,18,0,0,1,0
47,119,55,21,0,0,1,0
47,120,54,22,0,0,1,0
44,119,57,25,0,0,1,0
51,120,56,26,0,0,1,0
53,121,58,28,0,1,0,0
53,119,57,30,0,1,0,0
54,121,57,34,0,1,0,0
55,119,60,36,0,1,0,0
57,121,60,36,0,1,0,0
59,120,61,38,0,1,0,0
59,120,61,41,0,1,0,0
59,119,63,44,0,1,0,0
60,120,63,45,0,1,0,0
55,121,64,46,0,1,0,0
54,121,62,49,0,1,0,0
55,119,63,51,0,1,0,0
56,120,66,52,0,1,0,0
59,120,64,56,0,1,0,0
60,121,66,56,0,1,0,0
59,120,66,59,0,1,0,0
62,121,66,62,0,1,0,0
61,121,68,63,0,1,0,0
64,121,68,66,0,1,0,0
65,119,69,66,0,1,0,0
64,119,69,70,0,1,0,0
67,120,72,72,0,1,0,0
67,120,70,74,0,1,0,0
67,120,71,74,0,1,0,0
69,119,72,78,0,1,0,0
71,120,73,79,0,1,0,0
71,120,74,80,0,1,0,0
71,121,76,82,0,1,0,0
72,119,74,84,0,1,0,0
75,119,77,86,0,1,0,0
76,119,78,90,0,1,0,0
77,120,78,91,0,1,0,0
77,119,78,94,0,1,0,0
79,120,79,94,0,1,0,0
77,119,80,96,0,0,0,0
77,121,80,99,0,0,0,0
79,121,81,102,0,0,0,0
77,120,80,104,0,0,0,0
79,119,83,106,0,0,0,0
78,121,83,106,0,0,0,0
78,119,84,108,0,0,0,0
78,120,85,112,0,0,0,0
79,121,85,112,0,0,0,0
78,120,86,114,0,0,0,0
78,119,86,113,0,0,0,0
79,119,85,112,0,0,0,0
78,119,85,108,0,0,0,0
77,119,84,107,0,0,0,0
77,120,84,106,0,0,0,0
77,121,86,102,0,0,0,0
78,121,83,102,0,0,0,0
77,121,83,100,0,0,0,0
78,120,83,96,0,0,0,0
77,121,83,94,0,0,1,0
75,121,83,93,0,0,1,0
76,120,85,90,0,0,1,0
73,121,83,88,0,0,1,0
82,121,83,87,0,0,1,0
80,121,84,84,0,0,1,0
79,121,85,82,0,0,1,0
77,120,84,82,0,0,1,0
77,120,84,80,0,0,1,0
76,119,82,77,0,0,1,0
76,119,83,74,0,0,1,0
74,121,83,73,0,0,1,0
73,119,82,71,0,0,1,0
73,120,83,69,0,0,1,0
72,120,84,67,0,0,0,0
71,119,82,66,0,0,0,0
73,119,83,63,0,0,0,0
72,121,82,62,0,0,0,0
71,121,84,59,0,0,0,0
71,120,81,58,0,0,0,0
72,120,82,56,0,0,0,0
73,121,85,60,0,0,0,0
72,120,83,59,0,0,0,0
73,121,84,62,0,0,0,0
71,121,87,60,0,0,0,0
72,121,87,62,0,0,0,0
73,120,87,62,0,0,0,0
73,121,87,66,0,0,0,0
71,119,89,65,0,0,0,0
71,121,88,67,0,0,0,0
71,120,89,66,0,0,0,0
72,121,89,70,0,0,0,0
73,121,92,69,0,0,0,0
73,120,92,72,0,0,0,0
72,119,91,70,0,1,0,0
74,119,94,74,0,1,0,0
75,119,94,73,0,1,0,0
77,121,93,75,0,1,0,0
77,120,95,74,0,1,0,0
78,121,97,76,0,1,0,0
80,121,97,78,0,1,0,0
80,120,98,79,0,1,0,0
80,119,97,79,0,1,0,0
81,119,97,81,0,1,0,0
82,119,99,80,0,1,0,0
85,120,99,83,0,1,0,0
84,121,101,84,0,1,0,0
85,121,100,86,0,1,0,0
88,119,102,84,0,1,0,0
89,121,101,88,0,1,0,0
90,120,103,86,0,1,0,0
90,121,104,90,0,1,0,0
92,119,105,88,0,1,0,0
91,120,105,91,0,1,0,0
93,119,105,91,0,1,0,0
93,121,107,92,0,1,0,0
96,120,107,94,0,1,0,0
96,121,108,94,0,1,0,0
96,120,108,96,0,1,0,0
98,119,109,97,0,1,0,0
100,120,110,96,0,1,0,0
101,120,110,98,0,1,0,0
102,119,110,98,0,1,0,0
101,121,111,101,0,1,0,0
103,119,111,102,0,1,0,0
105,120,112,102,0,1,0,0
106,120,114,103,0,1,0,0
107,120,114,105,0,1,0,0
106,119,116,106,0,1,0,0
109,121,114,108,0,1,0,0
110,120,115,106,0,1,0,0
110,121,118,110,0,1,0,0
112,119,118,109,0,1,0,0
112,121,119,112,0,1,0,0
113,121,119,111,0,1,0,0
114,121,118,113,0,1,0,0
115,119,120,112,0,1,0,0
117,119,120,112,0,1,0,0
117,119,118,108,0,1,0,0
119,121,117,108,0,1,0,0
110,119,117,106,0,1,0,0
109,120,118,104,0,0,1,0
109,120,116,100,0,0,1,0
108,120,115,100,0,0,1,0
108,119,114,98,0,0,1,0
105,119,115,96,0,0,1,0
105,119,114,93,0,0,1,0
104,120,112,92,0,0,1,0
103,121,112,90,0,0,1,0
102,120,111,88,0,0,1,0
100,121,112,85,0,0,1,0
109,120,110,83,0,0,1,0
108,121,109,80,0,0,1,0
107,120,110,79,0,0,1,0
105,119,109,76,0,0,1,0
104,120,108,74,0,0,1,0
102,120,108,73,0,0,1,0
101,121,105,70,0,0,1,0
102,120,105,69,0,0,1,0
101,119,105,68,0,0,1,0
100,121,105,64,0,0,1,0
98,120,103,64,0,0,1,0
97,120,103,60,0,0,1,0
97,119,101,58,0,0,1,0
96,120,102,58,0,0,1,0
93,119,100,54,0,0,1,0
94,119,101,54,0,0,1,0
91,119,99,51,0,0,1,0
90,119,99,49,0,0,1,0
91,119,98,48,0,0,1,0
90,121,99,44,0,0,1,0
88,120,96,42,0,0,1,0
88,119,95,44,0,0,1,0
86,120,94,46,0,0,1,0
85,119,95,48,0,0,1,0
84,120,93,51,0,0,1,0
84,118,92,53,0,0,0,1
83,117,91,56,0,0,0,1
82,117,90,57,0,0,1,0
82,118,91,59,0,0,1,0
82,117,89,60,0,0,1,0
80,119,88,62,0,0,1,0
78,118,87,66,0,0,1,0
79,119,88,67,0,0,1,0
78,117,87,68,0,0,1,0
75,117,84,71,0,0,1,0
75,118,83,74,0,0,1,0
75,119,83,76,0,0,1,0
74,117,84,78,0,0,1,0
73,118,83,78,0,0,1,0
72,117,80,82,0,0,1,0
69,117,79,84,0,0,1,0
68,119,78,85,0,0,1,0
69,117,77,87,0,0,1,0
67,117,76,89,0,0,1,0
66,119,76,90,0,0,0,0
68,117,77,94,0,0,0,0
68,119,74,96,0,0,0,0
66,118,74,97,0,0,0,0
67,118,72,100,0,0,0,0
68,118,72,101,0,0,0,0
68,118,72,103,0,0,0,0
67,119,71,106,0,0,0,0
68,118,70,107,0,0,0,0
66,118,69,108,0,0,0,0
68,119,67,112,0,0,0,0
58,118,67,112,0,0,0,0
59,119,68,110,0,0,0,0
59,117,69,109,0,0,0,0
59,117,69,106,0,0,0,0
58,118,68,106,0,0,0,0
58,119,68,103,0,0,0,0
59,117,68,100,0,0,0,0
58,118,68,98,0,0,0,0
59,119,67,98,0,0,0,0
60,117,69,95,0,0,0,0
57,119,69,94,0,0,1,0
64,117,68,90,0,0,1,0
64,119,67,90,0,0,1,0
64,118,69,87,0,0,1,0
62,118,70,85,0,0,1,0
60,117,68,83,0,0,1,0
59,118,69,82,0,0,1,0
58,118,70,78,0,0,1,0
58,119,69,78,0,0,1,0
59,120,70,76,1,0,0,0
59,119,70,74,1,0,0,0
58,122,68,71,1,0,0,0
57,121,68,68,1,0,0,0
57,123,68,66,1,0,0,0
57,125,70,65,1,0,0,0
58,124,70,62,1,0,0,0
59,125,71,60,1,0,0,0
57,127,69,58,0,0,0,0
59,125,71,56,0,0,0,0
59,126,70,56,0,0,0,0
58,125,70,52,0,0,0,0
58,127,69,51,0,0,0,0
58,127,71,50,0,0,0,0
59,127,69,48,0,0,0,0
57,127,72,45,0,0,0,0
58,125,72,42,0,0,0,0
57,125,72,40,0,0,0,0
58,126,70,38,0,0,0,0
58,127,70,36,0,0,0,0
58,127,72,34,0,0,0,0
58,125,70,33,0,0,0,0
57,126,71,30,0,0,0,0
58,126,72,29,0,0,0,0
58,127,71,27,0,0,0,0
59,126,72,25,0,0,0,0
58,125,72,24,0,0,0,0
59,125,71,22,0,0,0,0
59,125,71,18,0,0,0,0
58,126,73,17,0,0,0,0
57,125,73,16,0,0,0,0
59,125,71,13,0,0,0,0
59,127,71,13,0,0,0,0
59,127,73,13,0,0,0,0
59,127,72,14,0,0,0,0
57,126,73,18,0,0,0,0
59,125,75,18,0,0,0,0
58,126,76,20,0,0,0,0
57,126,75,24,0,0,0,0
59,125,76,25,0,0,0,0
57,125,77,28,0,0,0,0
59,127,77,28,0,0,0,0
57,126,79,30,0,0,0,0
59,126,79,34,0,0,0,0
59,127,81,35,0,0,0,0
57,127,81,37,0,0,0,0
58,126,81,39,0,0,0,0
60,127,81,40,0,1,0,0
61,127,82,44,0,1,0,0
62,127,82,46,0,1,0,0
61,127,83,46,0,1,0,0
62,127,86,50,0,1,0,0
64,127,85,52,0,1,0,0
65,127,86,54,0,1,0,0
67,125,86,55,0,1,0,0
68,126,88,58,0,1,0,0
68,126,89,58,0,1,0,0
68,125,89,60,0,1,0,0
71,127,88,63,0,1,0,0
71,125,89,66,0,1,0,0
73,127,91,66,0,1,0,0
72,126,90,70,0,1,0,0
74,127,92,70,0,1,0,0
75,126,93,74,0,1,0,0
77,127,92,76,0,1,0,0
76,126,93,76,0,1,0,0
77,126,94,79,0,1,0,0
79,125,95,81,0,1,0,0
81,127,97,84,0,1,0,0
80,127,97,86,0,1,0,0
83,126,96,86,0,1,0,0
82,125,99,90,0,1,0,0
83,125,99,90,0,1,0,0
86,125,98,92,0,1,0,0
87,127,101,94,0,1,0,0
88,126,101,98,0,1,0,0
87,126,100,99,0,1,0,0
89,127,101,101,0,1,0,0
90,126,102,103,0,1,0,0
92,127,103,106,0,1,0,0
91,126,103,108,0,1,0,0
94,125,103,109,0,1,0,0
93,125,106,112,0,1,0,0
96,126,105,112,0,1,0,0
97,125,106,116,0,1,0,0
96,125,106,116,0,1,0,0
99,126,109,119,0,1,0,0
98,127,108,121,0,1,0,0
100,126,108,119,0,1,0,0
101,126,109,118,0,1,0,0
103,125,109,115,0,1,0,0
103,125,110,114,0,1,0,0
103,126,109,112,0,1,0,0
106,126,110,109,0,1,0,0
105,126,110,108,0,1,0,0
107,126,108,104,0,1,0,0
109,127,109,103,0,1,0,0
102,126,109,102,0,1,0,0
100,126,109,99,0,0,1,0
100,126,108,96,0,0,1,0
108,127,108,96,0,0,0,0
107,127,109,94,0,0,0,0
107,125,110,91,0,0,0,0
107,125,110,89,0,0,0,0
106,127,109,88,0,0,0,0
107,126,111,85,0,0,0,0
106,126,111,82,0,0,0,0
106,125,110,81,0,0,0,0
106,126,109,79,0,0,0,0
107,126,109,76,0,0,0,0
107,125,110,75,0,0,0,0
107,125,111,73,0,0,0,0
106,125,112,72,0,0,0,0
106,127,110,68,0,0,0,0
107,125,111,67,0,0,0,0
106,125,112,65,0,0,0,0
108,125,112,63,0,0,0,0
108,125,112,60,0,0,0,0
105,126,112,60,0,0,1,0
104,127,112,56,0,0,1,0
105,127,110,56,0,0,1,0
104,126,111,52,0,0,1,0
102,125,112,52,0,0,1,0
101,125,111,48,0,0,1,0
99,125,111,46,0,0,1,0
99,127,111,46,0,0,1,0
99,126,113,43,0,0,0,0
98,127,111,40,0,0,0,0
99,125,112,38,0,0,0,0
100,125,111,41,0,0,0,0
98,125,110,44,0,0,0,0
98,127,110,45,0,0,0,0
98,126,109,47,0,0,0,0
99,125,108,48,0,0,0,0
99,125,106,52,0,0,0,0
98,125,105,54,0,0,0,0
98,126,106,54,0,0,0,0
100,126,105,57,0,0,0,0
98,125,104,59,0,0,0,0
98,127,102,60,0,0,0,0
99,127,103,62,0,0,0,0
98,126,101,66,0,0,0,0
100,126,100,66,0,0,0,0
91,125,100,70,0,0,1,0
90,125,99,72,0,0,1,0
96,125,97,74,0,0,1,0
95,126,97,75,0,0,1,0
95,127,95,77,0,0,1,0
93,127,96,78,0,0,1,0
91,125,95,80,0,0,1,0
92,127,93,83,0,0,1,0
91,125,93,85,0,0,1,0
89,127,92,87,0,0,1,0
87,127,90,89,0,0,1,0
88,126,90,91,0,0,1,0
86,126,88,92,0,0,1,0
84,127,88,96,0,0,1,0
83,125,89,98,0,0,1,0
82,126,87,100,0,0,1,0
82,125,87,101,0,0,1,0
80,126,86,103,0,0,1,0
80,125,83,104,0,0,1,0
78,126,84,107,0,0,1,0
77,127,84,109,0,0,1,0
76,125,81,110,0,0,1,0
77,125,80,114,0,0,1,0
75,126,79,114,0,0,1,0
75,125,79,116,0,0,1,0
74,126,79,118,0,0,1,0
71,125,77,120,0,0,1,0
72,126,78,118,0,0,1,0
71,125,77,118,0,0,1,0
69,127,78,114,0,0,1,0
67,125,76,113,0,0,1,0
68,127,75,112,0,0,1,0
66,127,77,110,0,0,0,0
68,127,75,108,0,0,0,0
66,125,74,104,0,0,0,0
68,127,74,104,0,0,0,0
66,125,75,102,0,0,0,0
66,126,75,99,0,0,0,0
68,126,73,98,0,0,0,0
67,125,74,95,0,0,0,0
67,127,75,92,0,0,0,0
68,125,74,92,0,0,0,0
67,125,72,89,0,0,0,0
66,127,72,87,0,0,0,0
66,127,71,84,0,0,0,0
67,125,73,83,0,0,0,0
68,126,71,81,0,0,0,0
67,127,71,78,0,0,0,0
68,125,70,78,0,0,0,0
66,125,72,76,0,0,0,0
66,125,71,74,0,0,0,0
66,126,69,70,0,0,0,0
68,125,70,68,0,0,0,0
67,126,71,67,0,0,0,0
68,125,69,65,0,0,0,0
68,126,70,64,0,0,0,0
67,125,69,61,0,0,0,0
67,126,69,60,0,0,0,0
67,127,68,58,0,0,0,0
59,126,69,54,0,0,0,0
60,126,68,54,0,0,0,0
58,125,67,52,0,0,0,0
58,125,67,48,0,0,0,0
59,125,68,48,0,0,0,0
60,126,68,48,0,0,0,0
58,125,67,52,0,0,0,0
60,127,68,53,0,0,0,0
67,127,71,56,0,0,0,0
67,126,70,57,0,0,0,0
68,127,71,60,0,0,0,0
66,125,72,62,0,0,0,0
67,126,71,62,0,0,0,0
67,126,73,65,0,0,0,0
68,127,74,66,0,0,0,0
69,127,75,69,0,1,0,0
70,125,75,71,0,1,0,0
70,125,76,73,0,1,0,0
70,127,76,74,0,1,0,0
71,127,76,78,0,1,0,0
74,125,77,78,0,1,0,0
73,127,79,80,0,1,0,0
76,125,78,84,0,1,0,0
75,126,80,84,0,1,0,0
77,125,81,88,0,1,0,0
77,125,81,88,0,1,0,0
78,125,81,91,0,1,0,0
79,127,82,94,0,1,0,0
82,127,84,94,0,1,0,0
83,127,83,97,0,1,0,0
74,126,84,99,0,1,0,0
75,127,86,101,0,1,0,0
78,126,86,103,0,1,0,0
77,125,86,105,0,1,0,0
79,126,88,108,0,1,0,0
79,126,88,108,0,1,0,0
80,125,89,110,0,1,0,0
83,125,90,112,0,1,0,0
84,125,90,114,0,1,0,0
84,127,90,116,0,0,0,0
84,125,92,120,0,0,0,0
84,125,90,120,0,0,0,0
84,125,90,120,0,0,0,0
83,126,92,118,0,0,0,0
83,125,93,115,0,0,0,0
83,126,91,112,0,0,0,0
84,125,92,110,0,0,0,0
82,126,91,110,0,0,0,0
83,127,93,106,0,0,0,0
82,125,93,104,0,0,0,0
82,127,91,104,0,0,0,0
82,127,93,102,0,0,0,0
82,125,93,99,0,0,0,0
84,127,91,98,0,0,0,0
84,126,92,94,0,0,0,0
92,126,92,94,0,0,0,0
91,127,92,91,0,0,0,0
92,127,94,88,0,0,0,0
90,126,92,86,0,0,0,0
91,125,93,84,0,0,0,0
91,125,94,83,0,0,0,0
90,127,93,80,0,0,0,0
92,127,94,80,0,0,0,0
90,127,94,77,0,0,0,0
90,125,92,76,0,0,0,0
90,125,93,72,0,0,0,0
92,126,95,71,0,0,0,0
90,126,94,69,0,0,0,0
92,126,93,68,0,0,0,0
90,127,93,64,0,0,0,0
91,127,94,63,0,0,0,0
90,125,95,60,0,0,0,0
90,126,93,60,0,0,0,0
91,127,93,57,0,0,0,0
91,125,95,55,0,0,0,0
92,126,95,53,0,0,0,0
90,126,95,50,0,0,0,0
92,127,96,48,0,0,0,0
92,125,94,48,0,0,0,0
90,125,94,46,0,0,0,0
91,126,96,42,0,0,0,0
90,127,95,42,0,0,0,0
91,127,95,38,0,0,0,0
91,125,96,37,0,0,0,0
92,126,96,35,0,0,0,0
90,126,94,33,0,0,0,0
92,126,96,31,0,0,0,0
91,127,95,29,0,0,0,0
90,125,96,27,0,0,0,0
90,126,95,25,0,0,0,0
91,127,95,24,0,0,0,0
92,125,96,22,0,0,0,0
91,125,96,18,0,0,0,0
90,126,96,18,0,0,0,0
92,127,95,16,0,0,0,0
92,126,95,15,0,0,0,0
92,127,96,11,0,0,0,0
90,125,97,14,0,0,0,0
90,127,95,14,0,0,0,0
92,127,93,17,0,0,0,0
91,126,93,19,0,0,0,0
90,125,92,20,0,0,0,0
82,125,92,22,0,0,0,0
83,127,90,25,0,0,0,0
84,125,91,26,0,0,0,0
82,126,88,28,0,0,0,0
82,127,88,30,0,0,1,0
82,126,88,32,0,0,1,0
79,126,87,35,0,0,1,0
79,125,87,38,0,0,1,0
77,127,84,40,0,0,1,0
78,125,84,41,0,0,1,0
76,126,82,43,0,0,1,0
76,125,81,45,0,0,1,0
75,126,82,48,0,0,1,0
73,127,79,50,0,0,1,0
72,127,79,52,0,0,1,0
70,127,80,52,0,0,1,0
71,125,77,56,0,0,1,0
70,127,77,56,0,0,1,0
67,127,75,59,0,0,1,0
68,125,76,60,0,0,1,0
67,127,74,62,0,0,1,0
66,126,75,64,0,0,1,0
64,125,72,67,0,0,1,0
63,126,73,69,0,0,1,0
62,125,70,70,0,0,1,0
60,125,70,73,0,0,1,0
61,127,70,74,0,0,1,0
60,127,69,77,0,0,1,0
66,126,67,78,0,0,1,0
64,125,67,82,0,0,1,0
64,127,65,82,0,0,1,0
63,125,65,86,0,0,1,0
62,125,63,88,0,0,1,0
60,127,63,90,0,0,1,0
60,125,62,91,0,0,1,0
58,126,61,93,0,0,1,0
57,125,60,94,0,0,1,0
57,127,59,96,0,0,1,0
57,126,59,98,0,0,1,0
56,127,58,100,0,0,1,0
55,126,57,102,0,0,1,0
53,126,57,104,0,0,1,0
52,126,56,108,0,0,1,0
50,126,54,109,0,0,1,0
49,126,55,112,0,0,1,0
50,125,54,113,0,0,1,0
49,126,54,115,0,0,1,0
46,127,51,117,0,0,1,0
46,125,51,120,0,0,1,0
45,125,49,120,0,0,1,0
45,126,51,118,0,0,1,0
42,126,50,117,0,0,1,0
41,126,49,116,0,0,1,0
41,125,51,112,0,0,1,0
40,126,50,110,0,0,1,0
39,125,51,110,0,0,1,0
38,125,52,106,0,0,1,0
38,127,51,105,0,0,1,0
36,127,52,104,0,0,1,0
35,125,51,102,0,0,1,0
34,127,50,99,0,0,1,0
33,127,52,98,0,0,1,0
31,127,50,96,0,0,1,0
30,127,51,94,0,0,1,0
29,126,50,92,0,0,1,0
29,127,52,90,0,0,1,0
29,125,52,86,0,0,1,0
27,125,52,84,0,0,1,0
25,126,53,83,0,0,1,0
24,127,52,80,0,0,1,0
27,127,53,79,0,1,0,0
27,126,51,78,0,1,0,0
27,126,52,75,0,1,0,0
29,125,51,73,0,1,0,0
30,127,53,72,0,1,0,0
30,125,53,69,0,1,0,0
32,125,54,67,0,1,0,0
34,125,54,64,0,1,0,0
33,127,53,64,0,1,0,0
35,127,53,61,0,1,0,0
36,126,52,60,0,1,0,0
38,126,52,57,0,1,0,0
38,125,52,56,0,1,0,0
38,126,52,52,0,1,0,0
39,127,54,52,0,1,0,0
40,127,52,49,0,1,0,0
43,126,54,47,0,1,0,0
43,125,53,46,0,1,0,0
44,126,55,43,0,1,0,0
46,125,53,41,0,1,0,0
45,125,53,40,0,1,0,0
46,126,53,36,0,1,0,0
48,127,53,36,0,1,0,0
49,126,54,34,0,1,0,0
49,125,54,32,0,1,0,0
50,126,54,28,0,1,0,0
51,125,54,27,0,1,0,0
54,126,54,26,0,1,0,0
55,127,56,22,0,1,0,0
46,127,54,22,0,1,0,0
49,127,56,19,0,1,0,0
48,125,55,21,0,1,0,0
50,127,55,23,0,1,0,0
52,127,57,26,0,1,0,0
51,125,57,28,0,1,0,0
54,127,57,30,0,1,0,0
54,125,58,31,0,1,0,0
55,126,59,33,0,1,0,0
55,125,59,35,0,1,0,0
57,127,62,38,0,1,0,0
58,126,62,38,0,1,0,0
58,125,61,41,0,1,0,0
60,127,64,42,0,1,0,0
61,125,62,44,0,1,0,0
61,126,63,48,0,1,0,0
62,126,64,49,0,1,0,0
63,126,64,52,0,1,0,0
64,125,65,53,0,1,0,0
66,127,66,56,0,1,0,0
68,126,67,57,0,1,0,0
67,126,67,58,0,1,0,0
69,125,68,62,0,1,0,0
71,126,68,62,0,1,0,0
70,126,71,65,0,0,0,0
71,127,70,66,0,0,0,0
70,126,70,70,0,0,0,0
69,125,73,70,0,0,0,0
70,126,73,74,0,0,0,0
69,126,74,76,0,0,0,0
69,126,74,76,0,0,0,0
71,127,75,78,0,0,0,0
70,126,75,81,0,0,0,0
71,125,77,82,0,0,0,0
71,125,78,84,0,0,0,0
70,127,76,86,0,0,0,0
70,127,79,89,0,0,0,0
72,125,77,90,0,1,0,0
72,125,78,92,0,1,0,0
74,127,80,95,0,1,0,0
74,125,79,97,0,1,0,0
75,125,81,99,0,1,0,0
75,126,83,102,0,1,0,0
77,127,83,104,0,1,0,0
79,127,84,106,0,1,0,0
80,127,85,106,0,1,0,0
79,126,85,108,0,1,0,0
80,125,86,112,0,1,0,0
82,127,85,113,0,1,0,0
83,127,85,114,0,0,0,0
82,127,88,116,0,0,0,0
83,127,89,120,0,0,0,0
83,127,89,122,0,0,0,0
83,127,87,120,0,0,0,0
81,127,87,118,0,0,0,0
81,125,87,116,0,0,0,0
81,125,86,113,0,0,0,0
83,126,87,111,0,0,0,0
81,127,87,108,0,0,0,0
83,127,85,107,0,0,0,0
82,125,87,104,0,0,0,0
83,127,86,100,0,0,0,0
83,127,87,100,0,0,0,0
81,126,85,97,0,0,0,0
83,125,86,94,0,0,0,0
82,126,85,92,0,0,0,0
82,125,84,91,0,0,0,0
83,127,83,89,0,0,0,0
83,127,85,86,0,0,0,0
82,126,83,84,0,0,0,0
82,125,82,84,0,0,0,0
82,125,83,81,0,0,0,0
81,125,83,80,0,0,0,0
83,125,81,77,0,0,0,0
81,125,81,74,0,0,1,0
81,125,81,72,0,0,1,0
78,127,81,72,0,0,1,0
78,125,81,70,0,0,1,0
77,127,82,66,0,0,1,0
77,125,82,64,0,0,1,0
75,126,80,63,0,0,1,0
75,126,79,60,0,0,1,0
73,125,81,64,0,0,1,0
71,127,81,63,0,0,1,0
72,127,81,64,0,0,1,0
69,126,79,65,0,0,1,0
76,125,80,66,0,0,1,0
76,126,80,66,0,0,1,0
76,127,80,70,0,0,1,0
74,127,78,68,0,0,1,0
74,127,78,72,0,0,1,0
73,127,80,71,0,0,1,0
72,126,80,74,0,0,1,0
71,127,79,72,0,0,1,0
68,126,79,76,0,0,1,0
67,125,78,76,0,0,1,0
68,127,78,77,0,0,1,0
68,125,78,76,0,1,0,0
68,125,78,80,0,1,0,0
70,127,78,78,0,1,0,0
71,125,78,81,0,1,0,0
71,127,79,82,0,1,0,0
73,125,79,83,0,1,0,0
74,127,79,83,0,1,0,0
75,127,77,86,0,1,0,0
75,125,79,84,0,1,0,0
78,127,77,86,0,1,0,0
69,126,78,88,0,1,0,0
71,127,78,90,0,0,0,0
69,126,79,89,0,0,0,0
71,126,76,91,0,0,0,0
69,125,76,91,0,0,0,0
71,125,77,94,0,0,0,0
71,125,78,94,0,0,0,0
70,125,78,96,0,0,0,0
70,126,77,95,0,0,0,0
71,125,76,98,0,0,0,0
70,126,77,97,0,0,0,0
71,127,76,98,0,0,0,0
71,125,78,100,0,0,0,0
70,126,77,100,0,0,0,0
71,126,77,101,0,0,0,0
70,127,75,102,0,0,0,0
71,125,76,103,0,0,0,0
69,125,76,104,0,0,0,0
70,125,77,105,0,0,0,0
69,127,76,106,0,0,0,0
69,127,75,107,0,0,0,0
69,127,75,110,0,0,0,0
70,125,77,108,0,0,0,0
69,127,76,110,0,0,0,0
69,125,75,111,0,0,0,0
70,125,75,112,0,0,0,0
69,125,76,113,0,0,0,0
69,126,74,114,0,0,0,0
69,126,75,114,0,0,0,0
69,127,75,117,0,0,0,0
69,125,76,117,0,0,0,0
69,126,75,119,0,0,0,0
71,125,74,120,0,0,0,0
69,127,75,117,0,0,0,0
69,126,74,114,0,0,0,0
69,126,72,112,0,0,0,0
69,127,74,110,0,0,0,0
71,126,71,110,0,0,0,0
71,125,72,108,0,0,0,0
71,127,71,105,0,0,0,0
71,126,70,102,0,0,0,0
69,125,72,100,0,0,0,0
71,125,70,98,0,0,0,0
71,127,71,98,0,0,0,0
71,127,69,96,0,0,0,0
69,126,70,94,0,0,0,0
70,125,69,90,0,0,0,0
69,126,69,90,0,0,0,0
69,125,66,88,0,0,0,0
70,127,66,85,0,0,0,0
70,127,65,83,0,0,0,0
70,127,67,81,0,0,0,0
70,125,65,80,0,0,0,0
70,125,66,76,0,0,0,0
70,127,63,75,0,0,0,0
70,127,64,74,0,0,0,0
69,126,63,72,0,0,0,0
71,126,63,69,0,0,0,0
70,126,64,66,0,0,0,0
70,127,63,64,0,0,0,0
71,126,63,62,0,0,0,0
71,127,61,61,0,0,0,0
70,127,62,58,0,0,0,0
71,126,59,56,0,0,0,0
69,127,59,54,0,0,0,0
69,127,60,52,0,0,1,0
67,125,59,52,0,0,1,0
68,125,59,50,0,0,1,0
67,127,57,48,0,0,1,0
65,127,57,44,0,0,1,0
64,125,57,43,0,0,1,0
64,126,57,41,0,0,1,0
62,125,57,38,0,0,1,0
62,127,57,40,0,0,1,0
61,127,58,43,0,0,1,0
58,127,58,45,0,0,1,0
58,127,58,48,0,0,1,0
58,127,58,48,0,0,1,0
57,127,59,50,0,0,1,0
55,125,62,52,0,0,1,0
53,126,61,54,0,0,1,0
52,127,62,56,0,0,1,0
52,126,64,60,0,0,1,0
60,125,62,61,0,1,0,0
60,126,64,64,0,0,0,0
60,126,65,65,0,0,0,0
61,126,65,67,0,0,0,0
61,125,66,69,0,0,0,0
62,125,67,70,0,0,0,0
63,126,66,73,0,1,0,0
63,125,68,74,0,0,0,0
64,127,68,78,0,1,0,0
63,125,68,80,0,1,0,0
66,126,69,81,0,1,0,0
67,126,71,82,0,1,0,0
68,126,72,85,0,1,0,0
68,127,73,87,0,1,0,0
68,126,71,90,0,1,0,0
71,126,74,91,0,1,0,0
70,126,75,94,0,1,0,0
73,127,74,95,0,1,0,0
72,127,74,96,0,1,0,0
74,127,75,98,0,1,0,0
75,125,77,100,0,1,0,0
69,125,78,104,0,1,0,0
69,127,79,105,0,0,0,0
77,127,78,106,0,0,0,0
76,126,80,108,0,0,0,0
75,126,80,111,0,0,0,0
75,125,81,113,0,0,0,0
77,127,82,116,0,0,0,0
75,125,81,118,0,0,0,0
76,125,83,118,0,0,0,0
77,127,83,118,0,0,0,0
78,125,81,114,0,1,0,0
78,127,81,114,0,1,0,0
80,125,81,110,0,1,0,0
79,125,80,109,0,1,0,0
72,125,80,106,0,1,0,0
74,125,79,106,0,1,0,0
74,125,79,104,0,0,0,0
75,125,80,102,0,0,0,0
74,126,78,99,0,0,0,0
75,126,79,97,0,0,0,0
75,125,80,94,0,0,0,0
74,127,79,94,0,0,0,0
73,127,77,92,0,0,0,0
74,127,79,90,0,0,0,0
75,127,78,86,0,0,0,0
73,125,78,84,0,0,0,0
74,125,77,83,0,0,0,0
75,127,78,82,0,0,0,0
73,125,76,80,0,0,0,0
73,126,76,77,0,0,0,0
75,127,76,74,0,0,0,0
74,125,77,73,0,0,0,0
73,126,76,72,0,0,0,0
75,126,76,69,0,0,0,0
75,125,74,68,0,0,0,0
73,125,75,65,0,0,0,0
73,126,73,63,0,0,0,0
74,127,75,60,0,0,0,0
74,125,73,59,0,0,0,0
74,125,75,58,0,0,0,0
74,126,73,54,0,0,0,0
73,126,74,52,0,0,0,0
74,125,72,52,0,0,0,0
73,127,71,49,0,0,0,0
74,125,71,46,0,0,0,0
73,127,72,44,0,0,0,0
74,127,72,44,0,0,0,0
75,125,72,42,0,0,0,0
75,125,72,38,0,0,0,0
75,127,71,36,0,0,0,0
73,126,69,35,0,0,0,0
74,126,71,32,0,0,0,0
73,125,70,30,0,0,0,0
75,127,69,28,0,0,0,0
74,126,69,27,0,0,0,0
75,125,68,26,0,0,0,0
75,126,68,23,0,0,0,0
74,127,67,22,0,0,0,0
74,125,67,18,0,0,0,0
75,125,68,18,0,0,0,0
73,127,68,14,0,0,0,0
74,126,68,13,0,0,0,0
74,125,68,12,0,0,0,0
73,125,68,10,0,0,0,0
74,125,67,13,0,0,0,0
75,126,69,14,0,0,0,0
75,127,69,16,0,0,0,0
73,127,70,16,0,0,0,0
74,125,71,18,0,0,0,0
75,126,71,21,0,0,0,0
74,126,70,23,0,0,0,0
75,125,73,24,0,0,0,0
73,125,72,28,0,0,0,0
75,125,73,30,0,0,0,0
73,125,74,31,0,0,0,0
74,126,76,34,0,0,0,0
75,126,75,36,0,0,0,0
75,125,76,36,0,0,0,0
75,127,76,39,0,0,0,0
75,127,78,42,0,0,0,0
73,125,77,42,0,0,0,0
74,127,80,45,0,0,0,0
75,126,80,46,0,0,0,0
73,127,80,50,0,0,0,0
74,125,82,51,0,0,0,0
73,126,81,52,0,0,0,0
74,126,83,55,0,1,0,0
75,127,82,57,0,1,0,0
76,126,83,59,0,1,0,0
77,125,83,60,0,1,0,0
78,126,84,62,0,1,0,0
80,125,84,66,0,1,0,0
80,125,85,68,0,1,0,0
83,125,85,68,0,1,0,0
83,127,87,70,0,1,0,0
85,127,88,74,0,1,0,0
83,125,88,76,0,0,0,0
84,127,88,77,0,0,0,0
84,126,91,80,0,0,0,0
85,125,90,80,0,0,0,0
84,125,92,83,0,0,0,0
83,127,92,86,0,0,0,0
83,125,93,88,0,0,0,0
83,127,92,89,0,0,0,0
83,126,93,92,0,0,0,0
92,125,95,94,0,0,0,0
91,126,96,94,0,0,0,0
93,127,95,97,0,0,0,0
93,125,97,98,0,0,0,0
92,127,98,100,0,1,0,0
95,125,98,102,0,1,0,0
96,126,98,104,0,1,0,0
95,125,100,108,0,1,0,0
97,127,101,109,0,1,0,0
99,127,100,111,0,1,0,0
100,127,101,114,0,1,0,0
99,126,103,114,0,1,0,0
100,126,103,118,0,1,0,0
95,125,104,119,0,1,0,0
95,127,104,118,0,0,0,0
95,125,103,114,0,0,0,0
95,127,103,113,0,0,0,0
103,126,104,111,0,0,0,0
102,127,103,109,0,0,0,0
102,127,104,108,0,0,0,0
102,127,106,105,0,0,0,0
101,125,104,104,0,0,0,0
103,125,105,102,0,0,0,0
102,126,105,98,0,0,0,0
101,125,107,98,0,0,0,0
103,126,106,95,0,0,0,0
101,127,106,93,0,0,0,0
103,125,107,90,0,0,0,0
101,126,108,88,0,0,0,0
102,125,108,86,0,0,0,0
102,125,107,86,0,0,0,0
102,125,107,84,0,0,0,0
102,125,109,81,0,0,0,0
102,125,109,80,0,0,0,0
101,125,110,78,0,0,0,0
102,125,108,75,0,0,0,0
102,125,109,72,0,0,0,0
102,126,109,72,0,0,0,0
103,126,111,69,0,0,0,0
103,126,110,67,0,0,0,0
102,126,109,64,0,0,0,0
103,125,112,64,0,0,0,0
102,127,112,60,0,0,0,0
101,125,112,60,0,0,0,0
101,126,111,58,0,0,0,0
102,126,113,54,0,0,0,0
101,125,113,52,0,0,0,0
102,126,113,50,0,0,0,0
101,127,112,50,0,0,0,0
103,126,114,47,0,0,0,0
101,127,112,45,0,0,0,0
101,125,114,44,0,0,0,0
102,127,115,42,0,0,0,0
101,127,113,39,0,0,0,0
103,126,114,37,0,0,0,0
103,126,116,36,0,0,0,0
101,125,116,33,0,0,0,0
102,125,114,30,0,0,0,0
103,125,117,29,0,0,0,0
101,125,114,30,0,0,0,0
101,127,113,34,0,0,0,0
103,126,112,36,0,0,0,0
103,125,112,38,0,0,0,0
102,125,112,38,0,0,0,0
102,126,110,40,0,0,0,0
102,126,110,44,0,0,0,0
101,126,108,44,0,0,0,0
102,126,107,46,0,0,0,0
101,127,108,48,0,0,1,0
99,127,105,50,0,0,1,0
98,127,106,54,0,0,1,0
99,127,104,55,0,0,1,0
98,126,103,56,0,0,1,0
95,126,102,58,0,0,1,0
96,126,103,62,0,0,1,0
95,125,102,62,0,0,1,0
94,126,101,64,0,0,1,0
92,127,99,68,0,0,1,0
91,127,100,70,0,0,1,0
90,127,97,70,0,0,1,0
89,125,98,74,0,0,1,0
89,127,96,76,0,0,1,0
88,125,95,77,0,0,1,0
85,125,93,79,0,0,1,0
86,127,94,81,0,0,1,0
84,125,93,83,0,0,1,0
84,125,91,85,0,0,1,0
81,126,90,88,0,0,1,0
80,127,90,90,0,0,1,0
81,127,89,91,0,0,1,0
78,126,88,94,0,0,1,0
78,126,87,95,0,0,1,0
76,127,86,98,0,0,1,0
75,126,85,100,0,0,1,0
76,126,86,100,0,0,1,0
73,127,85,102,0,0,1,0
74,126,82,105,0,0,0,0
75,127,82,108,0,0,0,0
73,126,82,110,0,0,0,0
75,127,81,110,0,0,0,0
75,126,79,114,0,0,0,0
73,126,78,116,0,0,0,0
75,125,79,116,0,0,0,0
75,127,77,119,0,0,0,0
73,125,78,116,0,0,0,0
74,127,76,115,0,0,0,0
74,125,76,112,0,0,0,0
73,125,75,110,0,0,0,0
66,127,73,109,0,0,0,0
66,125,74,107,0,0,0,0
65,125,74,104,0,0,0,0
65,125,72,104,0,0,0,0
67,127,73,100,0,0,0,0
67,125,72,99,0,0,0,0
66,126,71,98,0,0,0,0
66,127,71,95,0,0,0,0
67,127,68,92,0,0,0,0
66,127,69,92,0,0,0,0
65,127,67,89,0,0,0,0
65,127,66,86,0,0,0,0
66,125,65,86,0,0,1,0
64,125,66,82,0,0,1,0
63,126,64,81,0,0,1,0
61,127,65,80,0,0,1,0
62,125,63,77,0,0,1,0
61,125,63,74,0,0,1,0
58,127,62,73,0,0,1,0
59,127,62,70,0,0,1,0
58,127,60,69,0,0,1,0
55,126,60,68,0,0,1,0
54,126,59,65,0,0,1,0
54,125,59,64,0,0,1,0
53,125,58,60,0,0,1,0
51,127,58,59,0,0,1,0
52,127,56,56,0,0,1,0
51,126,57,56,0,0,1,0
49,126,56,58,0,0,1,0
47,125,58,56,0,0,1,0
56,127,60,59,0,0,1,0
53,126,59,59,0,0,1,0
53,127,61,62,0,0,1,0
52,125,59,60,0,0,0,0
54,125,61,63,0,1,0,0
54,127,61,64,0,1,0,0
55,127,62,64,0,1,0,0
56,127,64,66,0,1,0,0
59,126,64,66,0,1,0,0
58,127,64,68,0,1,0,0
59,126,66,68,0,1,0,0
60,125,66,70,0,1,0,0
62,125,65,72,0,1,0,0
64,127,67,71,0,1,0,0
65,127,69,74,0,1,0,0
64,126,69,72,0,1,0,0
66,126,69,75,0,1,0,0
67,126,71,76,0,1,0,0
69,126,71,76,0,1,0,0
70,126,72,77,0,1,0,0
71,126,71,79,0,1,0,0
71,125,71,79,0,1,0,0
63,125,73,80,0,1,0,0
66,125,75,80,0,1,0,0
67,125,73,84,0,1,0,0
67,127,75,84,0,1,0,0
68,127,77,85,0,1,0,0
69,125,77,84,0,1,0,0
71,125,78,87,0,1,0,0
71,125,79,88,0,1,0,0
72,125,79,88,0,1,0,0
73,127,79,90,0,1,0,0
72,127,81,92,0,0,0,0
74,126,80,90,0,0,0,0
72,126,81,94,0,0,0,0
74,126,80,94,0,0,0,0
72,125,81,95,0,0,0,0
73,127,82,96,0,0,0,0
80,126,84,98,0,0,0,0
80,126,84,96,0,0,0,0
80,125,85,98,0,0,0,0
82,127,85,98,0,0,0,0
81,127,85,100,0,0,0,0
82,126,88,102,0,0,0,0
81,125,86,102,0,0,0,0
82,127,89,102,0,0,0,0
80,125,88,104,0,0,0,0
82,127,90,104,0,1,0,0
82,125,90,106,0,1,0,0
85,127,90,108,0,1,0,0
84,126,92,110,0,1,0,0
85,125,92,110,0,1,0,0
86,127,93,111,0,1,0,0
88,126,94,111,0,1,0,0
89,127,93,113,0,1,0,0
91,125,96,112,0,1,0,0
90,125,94,114,0,1,0,0
91,126,97,114,0,1,0,0
93,125,96,118,0,1,0,0
94,126,98,118,0,1,0,0
94,125,98,118,0,0,0,0
95,126,100,119,0,0,0,0
94,127,99,117,0,0,0,0
95,127,98,114,0,0,0,0
93,127,98,113,0,0,0,0
95,127,98,111,0,0,0,0
95,127,95,109,0,0,0,0
94,125,97,108,0,0,0,0
95,125,94,106,0,0,0,0
87,125,94,103,0,0,0,0
85,126,93,101,0,0,0,0
85,125,95,98,0,0,0,0
87,126,93,98,0,0,0,0
86,126,92,95,0,0,0,0
85,126,91,93,0,0,0,0
87,125,92,91,0,0,0,0
85,126,91,89,0,0,0,0
87,126,90,86,0,0,0,0
87,125,92,84,0,0,0,0
85,126,90,83,0,0,0,0
85,125,89,81,0,0,0,0
87,127,88,78,0,0,0,0
85,126,89,76,0,0,0,0
86,125,89,74,0,0,0,0
85,125,88,74,0,0,0,0
87,127,86,71,0,0,0,0
85,127,88,69,0,0,0,0
86,126,85,68,0,0,0,0
87,126,86,65,0,0,0,0
85,126,85,64,0,0,0,0
85,126,86,62,0,0,0,0
87,125,85,60,0,0,0,0
85,126,83,56,0,0,0,0
85,125,83,55,0,0,0,0
85,127,82,54,0,0,0,0
86,126,83,50,0,0,0,0
87,127,81,48,0,0,0,0
85,127,81,47,0,0,0,0
85,125,81,45,0,0,0,0
85,126,80,43,0,0,0,0
85,125,81,41,0,0,0,0
87,127,79,38,0,0,0,0
87,125,80,37,0,0,0,0
86,126,80,36,0,0,0,0
85,125,77,33,0,0,0,0
87,125,78,35,0,0,0,0
85,127,78,38,0,0,0,0
85,127,75,39,0,0,0,0
86,127,75,40,0,0,0,0
84,125,75,42,0,0,1,0
85,125,74,45,0,0,1,0
84,126,73,46,0,0,1,0
82,126,73,49,0,0,1,0
81,125,73,50,0,0,1,0
79,126,73,54,0,0,1,0
79,125,70,54,0,0,1,0
77,125,71,56,0,0,1,0
78,127,69,59,0,0,1,0
75,127,68,62,0,0,1,0
75,126,68,62,0,0,1,0
73,125,68,66,0,0,1,0
72,126,66,67,0,0,1,0
71,127,66,70,0,0,1,0
70,125,65,70,0,0,1,0
71,127,65,73,0,0,1,0
68,127,64,74,0,0,1,0
69,125,64,77,0,0,1,0
68,126,63,78,0,0,1,0
67,125,62,80,0,0,1,0
66,125,63,84,0,0,1,0
63,127,62,84,0,0,1,0
62,125,60,86,0,0,1,0
61,127,61,88,0,0,1,0
60,127,59,92,0,0,1,0
60,125,59,92,0,0,1,0
58,127,58,96,0,0,1,0
57,126,56,98,0,0,1,0
58,127,58,100,0,0,1,0
56,127,55,100,0,0,1,0
56,127,54,102,0,0,1,0
54,125,55,105,0,0,1,0
52,125,55,107,0,0,1,0
52,125,52,109,0,0,1,0
51,127,54,111,0,0,1,0
50,127,53,113,0,0,1,0
50,127,51,115,0,0,1,0
49,126,52,116,0,0,1,0
47,125,49,118,0,0,1,0
46,127,51,118,0,0,1,0
44,126,50,116,0,0,1,0
43,127,50,113,0,0,1,0
43,126,50,110,0,0,1,0
42,125,52,108,0,0,1,0
40,126,50,108,0,0,1,0
47,127,50,106,0,0,1,0
46,127,52,104,0,0,1,0
46,127,52,102,0,0,1,0
46,126,51,100,0,0,1,0
44,125,50,98,0,0,1,0
44,125,51,95,0,0,1,0
42,125,52,94,0,0,1,0
41,127,52,92,0,0,1,0
41,125,52,89,0,1,0,0
44,126,52,87,0,1,0,0
44,126,52,84,0,1,0,0
44,125,51,83,0,1,0,0
46,125,52,81,0,1,0,0
47,125,53,78,0,1,0,0
47,127,51,78,0,1,0,0
50,125,53,76,0,1,0,0
50,125,53,73,0,1,0,0
51,126,51,71,0,0,0,0
51,126,54,68,0,0,0,0
50,127,54,66,0,0,0,0
51,126,54,65,0,0,0,0
51,126,52,62,0,0,0,0
50,125,52,61,0,0,0,0
50,125,53,60,0,0,0,0
50,125,53,57,0,0,0,0
50,126,54,55,0,0,0,0
51,127,54,54,0,0,0,0
50,126,54,51,0,0,0,0
49,127,52,48,0,0,0,0
51,126,53,46,0,0,0,0
50,126,55,45,0,0,0,0
51,127,53,43,0,0,0,0
51,125,53,42,0,0,0,0
50,126,54,39,0,0,0,0
49,126,54,38,0,0,0,0
51,125,53,34,0,0,0,0
50,126,53,32,0,0,0,0
49,127,54,32,0,0,0,0
49,126,53,29,0,0,0,0
49,126,55,26,0,0,0,0
50,127,54,25,0,0,0,0
50,127,54,24,0,0,0,0
49,126,55,20,0,0,0,0
51,127,55,18,0,0,0,0
51,127,54,18,0,0,0,0
51,127,56,15,0,0,0,0
51,125,56,15,0,1,0,0
51,127,54,12,0,1,0,0
54,126,57,14,0,1,0,0
54,127,56,15,0,1,0,0
55,127,58,17,0,1,0,0
56,126,58,19,0,1,0,0
57,125,60,21,0,1,0,0
57,126,60,24,0,1,0,0
52,126,60,24,0,1,0,0
51,126,60,26,0,1,0,0
51,127,61,29,0,0,0,0
53,127,61,32,0,0,0,0
61,125,61,32,0,1,0,0
55,127,64,35,0,1,0,0
54,127,63,36,0,1,0,0
55,127,65,38,0,1,0,0
58,126,64,42,0,1,0,0
58,125,65,43,0,1,0,0
58,126,66,46,0,1,0,0
59,127,68,48,0,1,0,0
60,127,67,48,0,1,0,0
61,125,68,50,0,1,0,0
64,126,69,52,0,1,0,0
65,126,70,55,0,1,0,0
64,127,69,58,0,1,0,0
67,127,71,58,0,1,0,0
67,127,72,60,0,1,0,0
67,125,73,62,0,1,0,0
68,127,72,64,0,1,0,0
69,125,73,68,0,1,0,0
71,127,73,68,0,1,0,0
72,127,76,72,0,1,0,0
73,126,76,74,0,1,0,0
73,127,77,75,0,1,0,0
74,125,77,76,0,1,0,0
77,127,78,78,0,1,0,0
77,127,77,80,0,1,0,0
79,126,80,83,0,1,0,0
80,125,79,85,0,1,0,0
80,127,79,87,0,0,0,0
78,127,81,88,0,0,0,0
80,126,80,90,0,0,0,0
78,127,81,94,0,0,0,0
79,127,84,95,0,0,0,0
80,125,83,98,0,0,0,0
80,125,83,99,0,0,0,0
79,125,86,101,0,0,0,0
79,125,86,103,0,0,0,0
78,126,85,104,0,0,0,0
78,126,87,106,0,0,0,0
78,127,88,110,0,0,0,0
80,126,88,112,0,0,0,0
80,127,89,113,0,0,0,0
86,126,88,115,0,0,0,0
86,125,89,118,0,0,0,0
88,125,91,120,0,0,0,0
88,127,90,120,0,0,0,0
86,127,90,120,0,0,0,0
88,125,90,118,0,0,0,0
88,127,89,115,0,0,0,0
88,127,90,114,0,0,0,0
87,125,89,112,0,0,0,0
80,125,87,109,0,0,0,0
78,126,87,106,0,0,0,0
78,127,86,105,0,0,0,0
80,126,84,103,0,0,0,0
80,127,85,101,0,0,0,0
80,127,85,99,0,0,0,0
80,125,83,97,0,0,0,0
79,125,83,94,0,0,0,0
78,125,82,94,0,0,0,0
79,125,80,92,0,0,0,0
78,127,81,88,0,0,0,0
79,127,81,87,0,0,0,0
79,125,81,85,0,0,0,0
80,125,80,84,0,0,0,0
79,125,77,82,0,0,0,0
80,127,77,80,0,0,0,0
79,127,77,76,0,0,0,0
78,125,75,75,0,0,0,0
80,126,76,72,0,0,0,0
78,125,75,72,0,0,0,0
78,127,73,70,0,0,0,0
78,125,75,67,0,0,0,0
80,125,72,65,0,0,0,0
80,126,72,63,0,0,0,0
80,126,73,62,0,0,0,0
79,127,71,58,0,0,0,0
78,127,70,58,0,0,1,0
76,126,71,55,0,0,1,0
76,125,70,53,0,0,1,0
75,126,69,50,0,0,1,0
74,125,69,50,0,0,1,0
72,125,67,48,0,0,1,0
72,125,66,46,0,0,1,0
70,125,65,44,0,0,1,0
70,125,66,42,0,0,1,0
69,127,63,40,0,0,1,0
67,127,64,38,0,0,1,0
68,125,62,35,0,0,1,0
66,127,63,37,0,0,1,0
66,127,63,40,0,0,1,0
63,125,66,41,0,0,1,0
63,126,66,44,0,0,1,0
62,126,66,44,0,0,1,0
60,125,66,47,0,0,1,0
59,126,67,50,0,0,1,0
59,125,68,50,0,0,1,0
57,127,70,53,0,0,1,0
66,127,69,54,0,0,1,0
63,127,71,58,0,0,1,0
65,126,72,60,0,1,0,0
67,126,73,60,0,1,0,0
68,127,71,64,0,1,0,0
68,125,72,64,0,1,0,0
70,127,74,68,0,1,0,0
70,125,73,70,0,1,0,0
70,125,74,71,0,1,0,0
72,127,76,74,0,1,0,0
72,125,75,74,0,1,0,0
75,125,78,77,0,1,0,0
74,127,79,80,0,1,0,0
75,125,77,82,0,1,0,0
78,126,80,82,0,1,0,0
78,125,79,86,0,1,0,0
79,125,79,86,0,1,0,0
71,126,80,89,0,1,0,0
74,125,82,92,0,1,0,0
74,127,82,94,0,1,0,0
75,126,83,96,0,1,0,0
76,127,84,96,0,1,0,0
76,127,84,100,0,1,0,0
79,127,86,101,0,1,0,0
80,125,85,102,0,1,0,0
79,125,87,104,0,1,0,0
81,127,88,108,0,1,0,0
81,126,88,108,0,0,0,0
82,127,89,111,0,0,0,0
81,127,89,112,0,0,0,0
81,126,88,115,0,0,0,0
81,127,89,117,0,0,0,0
81,125,92,120,0,0,0,0
88,127,92,121,0,0,0,0
89,127,91,118,0,0,0,0
81,127,89,117,0,0,0,0
81,126,87,115,0,0,0,0
81,127,87,112,0,0,0,0
80,126,86,112,0,0,0,0
82,127,85,108,0,0,0,0
82,125,83,106,0,0,0,0
80,127,84,105,0,0,0,0
82,126,83,102,0,0,0,0
81,126,80,100,0,0,0,0
82,125,80,99,0,0,0,0
80,127,80,98,0,0,0,0
81,126,78,95,0,0,0,0
81,127,78,93,0,0,0,0
80,127,76,90,0,0,0,0
82,126,76,89,0,0,0,0
79,127,73,88,0,0,1,0
78,125,72,85,0,0,1,0
77,126,73,82,0,0,1,0
77,127,72,80,0,0,1,0
76,127,70,78,0,0,1,0
75,126,70,76,0,0,1,0
73,126,68,76,0,0,1,0
72,126,66,73,0,0,1,0
72,125,65,70,0,0,1,0
70,125,65,69,0,0,1,0
69,126,62,68,0,0,1,0
70,125,63,64,0,0,1,0
69,126,60,64,0,0,1,0
68,125,61,62,0,0,1,0
67,125,60,60,0,0,1,0
66,127,57,58,0,0,1,0
64,127,58,56,0,0,1,0
62,125,56,52,0,0,1,0
63,127,56,51,0,0,1,0
62,127,57,50,0,0,1,0
60,126,57,52,0,0,1,0
59,127,56,52,0,0,1,0
57,125,57,54,0,0,1,0
56,127,59,56,0,0,1,0
56,126,58,56,0,0,1,0
56,125,58,58,0,0,1,0
53,126,60,59,0,0,1,0
53,126,59,58,0,0,1,0
51,126,59,62,0,0,1,0
50,127,59,60,0,0,1,0
51,126,61,62,0,0,1,0
58,125,60,62,0,0,1,0
57,125,62,66,0,0,1,0
54,125,61,66,0,0,1,0
54,127,62,68,0,0,1,0
53,127,64,68,0,0,1,0
53,126,64,68,0,1,0,0
55,127,64,69,0,1,0,0
57,125,64,71,0,1,0,0
57,125,66,72,0,1,0,0
57,126,67,74,0,1,0,0
59,125,66,72,0,1,0,0
61,127,65,75,0,1,0,0
61,126,67,76,0,1,0,0
61,125,66,77,0,1,0,0
64,126,67,78,0,1,0,0
65,125,67,80,0,1,0,0
65,126,70,80,0,1,0,0
65,126,69,82,0,1,0,0
68,125,71,82,0,1,0,0
69,127,70,83,0,1,0,0
69,127,70,83,0,1,0,0
71,125,70,84,0,1,0,0
64,126,73,86,0,1,0,0
64,126,72,86,0,1,0,0
64,125,72,86,0,1,0,0
67,126,74,90,0,1,0,0
66,127,74,90,0,1,0,0
69,126,74,91,0,1,0,0
68,126,75,91,0,1,0,0
71,126,75,94,0,1,0,0
72,125,75,93,0,1,0,0
73,125,77,96,0,1,0,0
73,125,77,95,0,1,0,0
75,127,76,98,0,1,0,0
75,125,76,97,0,1,0,0
74,127,79,100,0,0,1,0
73,127,77,98,0,0,1,0
72,126,78,100,0,0,0,0
72,125,80,100,0,0,0,0
73,127,79,104,0,0,0,0
74,125,80,104,0,0,0,0
72,127,80,105,0,0,0,0
72,125,80,105,0,0,0,0
74,127,82,106,0,0,0,0
72,127,83,106,0,0,0,0
74,125,82,108,0,0,0,0
72,126,82,109,0,0,0,0
80,126,83,110,0,0,0,0
82,125,83,112,0,0,0,0
82,125,84,112,0,0,0,0
81,127,86,112,0,0,0,0
82,126,86,116,0,0,0,0
82,127,86,116,0,0,0,0
82,127,85,117,0,0,0,0
81,125,88,117,0,0,0,0
80,126,88,120,0,0,0,0
81,127,88,120,0,0,0,0
81,125,86,118,0,0,0,0
82,127,87,116,0,0,0,0
82,125,88,114,0,0,0,0
80,125,88,110,0,0,0,0
80,127,87,109,0,0,0,0
80,127,86,106,0,0,0,0
80,125,88,104,0,0,0,0
80,126,86,104,0,0,0,0
82,125,87,102,0,0,0,0
82,127,87,100,0,0,0,0
80,126,87,97,0,0,0,0
82,126,87,94,0,0,0,0
80,125,86,94,0,0,0,0
80,125,87,92,0,0,0,0
80,125,87,89,0,0,0,0
82,127,85,88,0,0,0,0
80,127,87,86,0,0,0,0
82,126,85,82,0,0,0,0
80,127,86,80,0,0,0,0
81,126,86,80,0,0,0,0
80,125,86,76,0,0,0,0
80,127,87,75,0,0,0,0
82,127,86,74,0,0,0,0
82,125,86,72,0,0,0,0
80,127,84,70,0,0,0,0
81,125,84,66,0,0,0,0
80,127,84,65,0,0,0,0
81,127,85,63,0,0,0,0
82,125,86,60,0,0,0,0
82,127,86,60,0,0,0,0
80,126,84,58,0,0,0,0
82,127,84,56,0,0,0,0
82,125,83,53,0,0,0,0
81,125,84,51,0,0,0,0
80,127,84,50,0,0,0,0
80,125,83,47,0,0,1,0
78,125,85,45,0,0,1,0
78,126,83,43,0,0,1,0
76,125,84,40,0,0,1,0
75,126,83,38,0,0,1,0
75,125,85,38,0,0,1,0
74,125,85,35,0,0,1,0
73,125,83,34,0,0,0,0
73,127,83,34,0,0,0,0
73,125,84,37,0,0,0,0
74,125,86,40,0,0,0,0
74,126,84,40,0,0,0,0
73,125,85,44,0,0,0,0
75,127,87,44,0,0,0,0
74,126,88,48,0,0,0,0
74,126,87,49,0,0,0,0
74,125,87,51,0,0,0,0
73,127,87,52,0,0,0,0
75,125,88,56,0,0,0,0
75,125,90,56,0,0,0,0
74,127,89,58,0,0,0,0
73,127,90,62,0,0,0,0
75,127,91,63,0,0,0,0
74,125,90,66,0,0,0,0
74,126,91,68,0,1,0,0
75,126,93,69,0,1,0,0
76,127,91,70,0,1,0,0
79,125,93,73,0,1,0,0
78,126,92,75,0,1,0,0
81,127,93,77,0,1,0,0
81,127,93,78,0,1,0,0
82,126,96,81,0,1,0,0
84,126,94,83,0,1,0,0
85,125,95,86,0,1,0,0
86,125,96,88,0,1,0,0
86,127,97,89,0,1,0,0
87,127,96,91,0,1,0,0
88,126,97,93,0,1,0,0
90,125,98,94,0,1,0,0
91,126,100,97,0,1,0,0
92,126,98,100,0,1,0,0
92,125,98,101,0,1,0,0
93,126,99,104,0,1,0,0
93,127,101,106,0,1,0,0
95,125,100,106,0,1,0,0
97,125,102,109,0,1,0,0
97,125,103,111,0,1,0,0
99,127,101,114,0,1,0,0
98,126,104,115,0,1,0,0
100,127,102,117,0,1,0,0
101,127,103,119,0,1,0,0
102,127,103,116,0,1,0,0
93,127,102,114,0,0,0,0
93,125,101,114,0,0,0,0
94,127,99,111,0,0,0,0
94,125,98,110,0,0,0,0
94,127,98,107,0,0,0,0
95,125,97,104,0,0,0,0
95,125,94,102,0,0,0,0
94,127,94,101,0,0,0,0
94,127,93,100,0,0,0,0
93,126,92,98,0,0,0,0
94,127,90,94,0,0,0,0
93,125,91,94,0,0,0,0
94,126,89,91,0,0,0,0
94,126,87,88,0,0,0,0
95,125,88,87,0,0,0,0
93,125,87,86,0,0,0,0
93,127,86,83,0,0,1,0
92,126,84,82,0,0,1,0
91,126,84,80,0,0,1,0
89,127,83,78,0,0,1,0
88,127,80,74,0,0,1,0
87,126,79,72,0,0,1,0
87,127,79,72,0,0,1,0
85,127,79,70,0,0,1,0
86,126,76,66,0,0,1,0
85,127,75,65,0,0,1,0
83,125,75,64,0,0,1,0
83,126,75,60,0,0,1,0
80,126,72,59,0,0,1,0
81,127,73,58,0,0,1,0
79,126,71,56,0,0,1,0
78,125,70,52,0,0,1,0
77,125,69,52,0,0,1,0
75,126,68,50,0,0,1,0
75,125,66,47,0,0,1,0
74,127,67,46,0,0,1,0
72,125,64,42,0,0,1,0
73,125,64,41,0,0,1,0
72,125,62,38,0,0,1,0
70,126,61,36,0,0,1,0
69,125,59,36,0,0,1,0
67,127,60,33,0,0,1,0
66,127,58,32,0,0,1,0
67,126,57,30,0,0,1,0
65,127,55,27,0,0,1,0
63,125,54,26,0,0,1,0
63,126,53,22,0,0,1,0
63,127,53,21,0,0,1,0
60,125,52,18,0,0,1,0
61,126,52,16,0,0,1,0
58,125,51,14,0,0,1,0
58,126,49,13,0,0,1,0
56,126,49,11,0,0,1,0
57,127,46,9,0,0,1,0
54,127,48,12,0,0,1,0
54,126,47,14,0,0,1,0
53,127,48,15,0,0,1,0
52,127,49,18,0,0,1,0
52,125,48,20,0,0,1,0
51,126,49,20,0,0,1,0
48,125,50,22,0,0,1,0
49,125,51,24,0,0,1,0
48,126,52,26,0,0,1,0
45,125,51,29,0,0,1,0
45,127,51,31,0,0,0,0
46,127,53,34,0,0,0,0
46,126,54,34,0,0,0,0
45,125,54,37,0,0,0,0
45,125,54,40,0,0,0,0
46,126,55,40,0,0,0,0
47,127,55,42,0,0,0,0
45,126,54,44,0,0,0,0
46,126,57,46,0,0,0,0
53,125,57,49,0,0,0,0
53,127,58,50,0,0,0,0
56,125,57,54,0,1,0,0
56,126,58,56,0,1,0,0
58,127,57,58,0,1,0,0
51,127,58,58,0,1,0,0
51,126,59,60,0,1,0,0
53,125,60,64,0,1,0,0
53,126,61,65,0,1,0,0
54,127,60,66,0,1,0,0
54,126,61,68,0,1,0,0
55,125,63,72,0,1,0,0
58,126,61,74,0,1,0,0
58,126,63,76,0,1,0,0
60,126,63,77,0,1,0,0
61,127,63,79,0,1,0,0
61,126,63,82,0,1,0,0
61,125,64,83,0,1,0,0
62,127,66,84,0,1,0,0
65,127,65,86,0,1,0,0
64,126,65,89,0,1,0,0
67,126,67,92,0,1,0,0
68,125,66,94,0,1,0,0
67,127,66,95,0,1,0,0
68,126,69,97,0,0,0,0
67,126,67,99,0,0,0,0
67,125,70,100,0,0,0,0
67,125,68,102,0,0,0,0
69,126,68,106,0,0,0,0
69,125,70,108,0,0,0,0
68,126,70,109,0,0,0,0
69,127,70,110,0,0,0,0
68,125,72,114,0,0,0,0
68,126,71,115,0,0,0,0
68,125,71,117,0,0,0,0
69,125,72,119,0,0,0,0
69,125,72,118,0,0,0,0
68,127,73,116,0,0,0,0
69,125,71,113,0,0,0,0
67,126,72,112,0,0,0,0
67,127,70,109,0,0,0,0
67,127,70,106,0,0,0,0
69,126,69,105,0,0,0,0
68,127,69,104,0,0,0,0
69,125,69,101,0,0,0,0
69,125,67,100,0,0,0,0
68,126,68,98,0,0,0,0
68,126,67,95,0,0,0,0
68,127,68,94,0,0,0,0
69,125,67,91,0,0,0,0
69,127,66,89,0,0,0,0
68,125,65,88,0,0,0,0
67,127,64,86,0,0,0,0
67,126,63,84,0,0,0,0
69,127,64,81,0,0,0,0
68,127,64,80,0,0,0,0
69,127,63,77,0,0,0,0
67,126,61,74,0,0,0,0
68,127,63,74,0,0,0,0
69,125,62,72,0,0,0,0
69,127,60,68,0,0,0,0
67,126,62,66,0,0,0,0
67,126,61,65,0,0,0,0
67,127,59,62,0,0,0,0
68,125,60,60,0,0,0,0
69,126,59,58,0,0,0,0
66,126,59,57,0,0,1,0
66,126,58,55,0,0,1,0
65,126,56,54,0,0,1,0
65,125,56,51,0,0,1,0
64,125,57,48,0,0,1,0
61,126,56,48,0,0,1,0
61,126,56,44,0,0,1,0
61,126,54,43,0,0,1,0
60,125,55,41,0,0,1,0
59,125,53,38,0,0,1,0
56,125,53,36,0,0,1,0
56,126,53,34,0,0,1,0
55,127,53,33,0,0,1,0
53,125,53,32,0,0,1,0
53,127,54,33,0,0,1,0
52,125,52,34,0,0,1,0
51,127,55,37,0,0,1,0
49,125,56,39,0,0,1,0
49,125,56,42,0,0,1,0
49,126,56,42,0,0,1,0
48,127,56,45,0,0,0,0
49,127,56,47,0,0,0,0
48,125,57,48,0,0,0,0
56,125,60,50,0,0,0,0
57,127,59,53,0,0,0,0
57,125,61,55,0,0,0,0
56,127,61,56,0,0,0,0
57,127,62,58,0,0,0,0
56,125,61,61,0,0,0,0
55,125,62,64,0,0,0,0
57,126,62,64,0,0,0,0
58,127,63,68,0,1,0,0
58,127,64,69,0,1,0,0
59,126,66,72,0,1,0,0
59,126,66,72,0,1,0,0
61,125,67,76,0,1,0,0
61,126,68,76,0,1,0,0
64,125,69,79,0,1,0,0
64,125,70,80,0,1,0,0
66,127,69,83,0,1,0,0
65,126,69,85,0,1,0,0
68,127,70,87,0,1,0,0
68,126,71,88,0,1,0,0
70,125,73,92,0,1,0,0
71,127,71,94,0,1,0,0
72,126,72,96,0,1,0,0
72,125,73,98,0,1,0,0
73,126,73,99,0,1,0,0
66,126,76,101,0,1,0,0
67,127,77,102,0,1,0,0
69,127,75,105,0,1,0,0
70,126,78,108,0,1,0,0
70,125,79,110,0,1,0,0
71,125,78,111,0,1,0,0
71,126,78,114,0,0,0,0
71,126,80,116,0,0,0,0
72,125,79,118,0,0,0,0
70,126,80,118,0,0,0,0
78,126,79,116,0,0,0,0
70,125,79,115,0,0,0,0
70,127,78,112,0,0,0,0
70,127,78,112,0,0,0,0
72,127,79,108,0,0,0,0
70,125,76,107,0,0,0,0
71,126,75,105,0,0,0,0
72,125,77,102,0,0,0,0
72,125,76,102,0,0,0,0
70,127,75,98,0,0,0,0
70,125,74,97,0,0,0,0
70,125,72,96,0,0,0,0
72,127,71,92,0,0,0,0
70,126,72,91,0,0,0,0
72,126,72,88,0,0,0,0
72,127,70,88,0,0,0,0
72,125,71,84,0,0,0,0
71,126,70,84,0,0,0,0
70,125,68,80,0,0,0,0
71,126,67,78,0,0,0,0
71,126,67,77,0,0,0,0
72,127,68,76,0,0,0,0
71,127,67,73,0,0,0,0
70,126,65,70,0,0,0,0
71,125,65,68,0,0,0,0
70,125,65,66,0,0,0,0
71,127,63,66,0,0,0,0
70,127,63,64,0,0,0,0
71,127,61,60,0,0,0,0
70,127,62,59,0,0,0,0
69,125,60,56,0,0,1,0
69,127,59,54,0,0,1,0
68,126,59,53,0,0,1,0
68,126,60,53,0,0,1,0
66,126,58,56,0,0,1,0
65,127,60,56,0,0,1,0
65,125,60,56,0,0,1,0
62,127,59,57,0,0,1,0
61,125,59,60,0,0,1,0
62,126,58,58,0,0,1,0
60,127,60,60,0,0,1,0
58,127,59,62,0,0,1,0
58,125,57,64,0,0,1,0
58,125,58,64,0,0,1,0
55,126,59,65,0,0,1,0
56,127,59,66,0,0,1,0
55,125,57,68,0,0,1,0
52,126,58,67,0,0,1,0
52,125,59,69,0,0,1,0
51,126,59,70,0,0,1,0
50,125,57,71,0,0,1,0
48,126,58,70,0,0,1,0
49,126,56,72,0,0,0,0
48,125,56,74,0,0,0,0
49,125,56,76,0,0,0,0
50,126,57,74,0,0,0,0
50,125,56,77,0,0,0,0
50,127,57,77,0,0,0,0
48,126,56,78,0,0,0,0
48,127,57,79,0,0,0,0
48,127,58,81,0,0,0,0
48,126,57,82,0,0,0,0
50,126,57,84,0,0,0,0
48,127,57,83,0,0,0,0
48,125,57,84,0,0,0,0
50,126,56,84,0,0,0,0
48,126,55,87,0,0,0,0
49,125,55,88,0,0,0,0
50,126,55,90,0,0,0,0
50,126,56,90,0,0,0,0
49,127,56,92,0,0,0,0
50,127,55,90,0,0,0,0
50,126,56,92,0,0,0,0
48,127,55,93,0,0,0,0
50,127,54,94,0,0,0,0
50,125,56,95,0,0,0,0
50,125,56,97,0,0,0,0
48,125,56,97,0,0,0,0
49,126,55,99,0,0,0,0
48,125,56,99,0,0,0,0
49,125,56,101,0,0,0,0
49,127,54,100,0,0,0,0
50,125,55,103,0,0,0,0
50,126,55,103,0,0,0,0
50,126,54,106,0,0,0,0
50,125,54,104,0,0,0,0
49,125,53,106,0,0,0,0
49,127,55,106,0,0,0,0
49,126,55,110,0,0,0,0
49,125,53,109,0,0,0,0
49,127,53,110,0,0,0,0
49,127,53,111,0,0,0,0
49,126,53,113,0,0,0,0
50,125,55,113,0,0,0,0
49,127,55,116,0,0,0,0
48,126,54,116,0,0,0,0
50,126,54,118,0,0,0,0
49,127,53,117,0,0,0,0
49,126,53,119,0,0,0,0
50,126,54,118,0,0,0,0
48,125,53,116,0,0,0,0
48,126,54,115,0,0,0,0
49,126,52,113,0,0,0,0
49,125,52,111,0,0,0,0
50,127,52,109,0,0,0,0
50,126,54,108,0,0,0,0
49,127,51,105,0,0,0,0
48,125,52,104,0,0,0,0
48,126,53,101,0,0,0,0
48,127,51,100,0,0,0,0
49,127,52,96,0,0,0,0
50,127,52,95,0,0,0,0
48,127,52,92,0,0,0,0
49,125,51,90,0,0,0,0
48,126,52,89,0,0,0,0
49,126,52,86,0,0,0,0
50,125,52,84,0,0,0,0
48,127,52,84,0,0,0,0
49,126,52,81,0,0,0,0
50,125,50,78,0,0,0,0
48,126,51,76,0,0,0,0
48,127,50,74,0,0,0,0
48,127,52,72,0,0,0,0
48,126,50,70,0,0,0,0
50,125,51,68,0,0,0,0
50,125,50,68,0,0,0,0
48,125,51,66,0,0,0,0
49,126,51,64,0,0,0,0
49,125,49,62,0,0,0,0
48,125,49,60,0,0,0,0
48,125,51,57,0,0,0,0
49,125,51,55,0,0,0,0
48,125,51,52,0,0,0,0
49,125,51,51,0,0,0,0
48,125,50,50,0,0,0,0
48,126,51,48,0,0,0,0
49,127,50,46,0,0,0,0
48,126,51,43,0,0,0,0
50,127,48,41,0,0,0,0
50,125,48,38,0,0,0,0
48,126,49,38,0,0,0,0
49,127,49,36,0,0,0,0
48,127,49,32,0,0,0,0
48,126,50,34,0,0,0,0
48,126,48,36,0,0,0,0
48,127,50,40,0,0,0,0
49,125,49,41,0,0,0,0
48,125,51,43,0,0,0,0
49,125,50,46,0,0,0,0
50,125,50,46,0,0,0,0
48,125,50,49,0,0,0,0
49,127,50,52,0,0,0,0
48,127,50,52,0,0,0,0
49,126,50,54,0,0,0,0
49,127,50,58,0,0,0,0
50,126,51,59,0,0,0,0
48,125,50,62,0,0,0,0
48,125,49,63,0,0,0,0
49,125,51,64,0,0,0,0
50,125,51,66,0,0,0,0
48,127,51,70,0,0,0,0
48,125,50,70,0,0,0,0
48,127,52,73,0,0,0,0
49,126,52,76,0,0,0,0
50,125,51,77,0,0,0,0
50,125,50,79,0,0,0,0
49,126,51,81,0,0,0,0
50,127,51,82,0,0,0,0
50,125,52,84,0,0,0,0
48,125,51,87,0,0,0,0
49,125,53,90,0,0,0,0
50,127,52,92,0,0,0,0
49,125,51,92,0,0,0,0
49,127,52,94,0,0,0,0
48,127,52,96,0,0,0,0
48,125,51,100,0,0,0,0
48,126,53,102,0,0,0,0
49,125,52,104,0,0,0,0
49,126,53,105,0,0,0,0
48,126,52,107,0,0,0,0
48,127,53,110,0,0,0,0
49,125,52,112,0,0,0,0
49,127,53,113,0,0,0,0
50,126,53,115,0,0,0,0
48,127,53,116,0,0,0,0
50,127,52,119,0,0,0,0
48,126,54,117,0,0,0,0
50,126,52,114,0,0,0,0
49,127,53,112,0,0,0,0
48,127,52,111,0,0,0,0
49,126,52,110,0,0,0,0
49,126,52,107,0,0,0,0
48,127,53,105,0,0,0,0
49,125,53,104,0,0,0,0
49,125,51,101,0,0,0,0
50,126,51,99,0,0,0,0
49,126,52,98,0,0,0,0
48,127,52,96,0,0,0,0
49,127,52,94,0,0,0,0
48,127,52,92,0,0,0,0
49,126,51,88,0,0,0,0
50,125,53,87,0,0,0,0
49,125,52,84,0,0,0,0
50,127,51,83,0,0,0,0
49,125,51,82,0,0,0,0
48,127,52,79,0,0,0,0
49,126,51,76,0,0,0,0
49,125,52,76,0,0,0,0
50,125,51,73,0,0,0,0
48,125,52,70,0,0,0,0
49,125,50,69,0,0,0,0
48,125,50,68,0,0,0,0
48,127,52,64,0,0,0,0
49,126,51,63,0,0,0,0
48,126,50,62,0,0,0,0
50,126,51,59,0,0,0,0
50,125,50,56,0,0,0,0
49,126,49,54,0,0,0,0
49,126,51,54,0,0,0,0
49,125,51,52,0,0,0,0
50,126,50,49,0,0,0,0
49,125,49,48,0,0,0,0
48,126,50,46,0,0,0,0
48,125,50,44,0,0,0,0
49,125,48,40,0,0,0,0
50,125,48,39,0,0,0,0
50,125,48,37,0,0,0,0
49,125,49,34,0,0,0,0
48,127,50,33,0,0,0,0
48,125,48,30,0,0,0,0
50,127,48,28,0,0,0,0
50,127,48,26,0,0,0,0
50,125,49,26,0,0,0,0
50,127,49,24,0,0,0,0
48,127,48,22,0,0,0,0
48,127,49,19,0,0,0,0
49,127,47,17,0,0,0,0
50,126,47,16,0,0,0,0
48,125,47,15,0,0,0,0
48,125,48,12,0,0,0,0
50,125,47,10,0,0,0,0
48,126,49,11,0,0,0,0
50,127,50,13,0,0,0,0
49,127,50,14,0,0,0,0
50,126,52,18,0,0,0,0
50,127,52,18,0,0,0,0
48,127,51,21,0,0,0,0
49,126,54,23,0,0,0,0
48,127,52,24,0,0,0,0
50,126,54,27,0,0,0,0
50,126,54,28,0,0,0,0
50,125,55,32,0,0,0,0
49,126,56,33,0,0,0,0
49,126,56,35,0,0,0,0
49,126,56,38,0,0,0,0
49,127,57,39,0,0,0,0
48,126,58,40,0,0,0,0
49,125,60,42,0,0,0,0
57,126,60,46,0,1,0,0
59,125,60,46,0,1,0,0
53,127,62,49,0,1,0,0
53,126,61,50,0,1,0,0
53,126,61,54,0,1,0,0
55,127,62,56,0,1,0,0
56,125,65,58,0,1,0,0
57,126,63,59,0,1,0,0
59,127,65,61,0,1,0,0
58,127,66,63,0,1,0,0
59,126,67,66,0,1,0,0
62,125,68,68,0,1,0,0
63,126,69,68,0,1,0,0
63,125,67,72,0,1,0,0
64,127,68,73,0,1,0,0
65,125,69,75,0,1,0,0
65,127,71,78,0,1,0,0
68,126,70,80,0,1,0,0
69,127,73,81,0,1,0,0
68,127,72,84,0,1,0,0
69,126,72,86,0,1,0,0
72,125,75,87,0,1,0,0
71,127,75,89,0,1,0,0
74,125,76,91,0,1,0,0
75,127,74,94,0,1,0,0
74,125,77,96,0,1,0,0
77,127,77,98,0,1,0,0
76,127,78,98,0,0,0,0
76,127,79,101,0,0,0,0
75,127,80,102,0,0,0,0
76,125,80,106,0,0,0,0
76,126,79,107,0,0,0,0
75,126,80,109,0,0,0,0
76,127,80,110,0,0,0,0
76,127,82,113,0,0,0,0
77,125,83,115,0,0,0,0
76,126,82,118,0,0,0,0
76,125,83,120,0,0,0,0
75,127,85,118,0,0,0,0
77,127,83,114,0,0,0,0
76,126,85,114,0,0,0,0
76,127,84,111,0,0,0,0
75,127,85,108,0,0,0,0
75,126,85,108,0,0,0,0
77,127,86,104,0,0,0,0
77,125,85,103,0,0,0,0
77,125,84,102,0,0,0,0
76,127,84,100,0,0,0,0
75,128,86,98,1,0,0,0
77,128,84,96,1,0,0,0
76,130,84,94,1,0,0,0
75,130,86,91,1,0,0,0
76,132,85,89,1,0,0,0
77,133,85,88,1,0,0,0
84,133,87,86,1,0,0,0
83,133,87,83,1,0,0,0
83,136,86,80,1,0,0,0
83,136,86,79,0,0,0,0
83,135,86,76,0,0,0,0
83,135,86,76,0,0,0,0
83,135,85,72,0,0,0,0
84,135,87,72,0,0,0,0
83,136,87,69,0,0,0,0
85,136,86,68,0,0,0,0
84,134,87,64,0,0,0,0
85,136,87,64,0,0,0,0
83,134,87,61,0,0,0,0
84,134,87,59,0,0,0,0
84,136,87,57,0,0,0,0
85,136,87,54,0,0,0,0
84,135,87,54,0,0,0,0
84,134,88,50,0,0,0,0
83,134,86,48,0,0,0,0
85,136,86,47,0,0,0,0
85,135,88,46,0,0,0,0
83,135,87,44,0,0,0,0
84,134,87,40,0,0,0,0
83,136,87,40,0,0,0,0
84,136,88,38,0,0,0,0
83,136,89,35,0,0,0,0
85,134,89,32,0,0,0,0
83,134,88,30,0,0,0,0
85,135,88,32,0,0,0,0
84,135,85,36,0,0,0,0
85,134,85,38,0,0,0,0
83,135,85,39,0,0,0,0
76,135,83,42,0,0,0,0
75,135,83,42,0,0,0,0
76,134,81,46,0,0,0,0
76,136,82,48,0,0,0,0
77,136,82,48,0,0,0,0
75,136,79,52,0,0,0,0
76,135,80,54,0,0,0,0
74,135,78,55,0,0,1,0
75,136,77,58,0,0,1,0
72,134,75,60,0,0,1,0
71,135,75,60,0,0,1,0
72,136,76,63,0,0,1,0
70,136,75,66,0,0,1,0
70,136,74,67,0,0,1,0
69,135,71,69,0,0,0,1
68,134,72,70,0,0,0,1
70,132,69,72,0,0,0,1
69,131,70,74,0,0,0,1
69,129,69,76,0,0,0,1
70,128,69,79,0,0,0,1
68,129,67,80,0,0,0,1
70,126,66,82,0,0,0,1
70,125,65,84,0,0,0,1
70,125,65,88,0,0,0,1
68,124,64,90,0,0,0,1
69,122,64,92,0,0,0,1
67,122,63,93,0,0,1,0
67,124,62,96,0,0,1,0
66,123,59,96,0,0,1,0
66,124,58,98,0,0,1,0
63,124,58,100,0,0,1,0
62,124,58,102,0,0,1,0
62,122,56,106,0,0,1,0
60,122,56,107,0,0,1,0
61,123,56,108,0,0,1,0
58,122,53,111,0,0,1,0
59,123,55,113,0,0,1,0
57,124,53,116,0,0,1,0
56,124,53,116,0,0,1,0
56,123,50,119,0,0,1,0
54,123,49,121,0,0,1,0
52,124,48,124,0,0,1,0
51,122,47,126,0,0,1,0
50,124,47,126,0,0,1,0
50,123,48,128,0,0,1,0
48,123,47,130,0,0,1,0
49,124,44,133,0,0,1,0
47,123,43,136,0,0,1,0
46,123,44,138,0,0,1,0
45,122,43,140,0,0,1,0
43,124,42,143,0,0,1,0
43,122,42,144,0,0,1,0
42,124,39,146,0,0,1,0
41,124,40,147,0,0,1,0
41,122,37,149,0,0,1,0
38,123,37,151,0,0,1,0
37,124,36,154,0,0,1,0
