80,79,81,79,81,1,2,2,1,0,5,0,0
81,80,81,81,65,1,1,2,2,2,8,1,0
79,81,79,63,49,2,2,1,0,0,9,1,0
80,81,65,65,33,4,3,1,2,1,10,1,0
81,65,65,47,15,5,4,3,3,0,10,1,0
65,64,64,47,-1,6,2,1,1,2,10,1,0
63,65,47,33,240,7,5,4,1,3,12,1,0
63,65,48,32,225,9,4,2,2,1,14,1,0
64,47,49,17,209,10,4,3,2,3,13,1,0
64,48,32,17,192,11,6,4,3,1,15,1,0
48,47,32,-1,176,12,7,3,3,2,16,1,0
48,47,31,0,160,13,7,3,2,2,18,1,0
47,31,16,241,144,14,6,5,5,4,18,1,0
47,33,15,239,112,14,7,4,5,2,19,1,0
47,32,15,223,97,15,7,5,3,2,21,1,0
33,31,0,223,82,17,9,6,5,5,21,1,0
31,15,1,208,66,18,8,7,5,4,21,1,0
32,16,0,209,48,18,9,5,5,3,24,1,0
33,15,240,192,32,20,9,8,5,3,23,1,0
31,17,241,191,16,20,11,7,6,5,25,1,0
16,1,241,177,0,20,10,8,7,4,25,1,0
15,-1,224,175,241,22,11,7,7,4,28,1,0
16,0,225,159,224,24,13,7,6,4,27,1,0
15,0,224,159,210,23,11,7,6,5,28,1,0
17,241,208,143,194,25,14,10,7,6,29,1,0
0,241,207,144,178,26,12,8,8,5,31,1,0
-1,241,209,114,160,28,14,9,6,5,32,1,0
0,240,191,113,146,27,13,10,6,6,33,1,0
-1,224,191,98,114,28,16,9,7,6,35,1,0
1,223,193,97,99,30,16,9,7,5,35,1,0
240,224,176,81,82,30,16,11,8,6,37,1,0
240,223,176,80,66,32,16,12,7,6,36,1,0
239,209,177,66,50,34,16,12,9,8,38,1,0
239,208,159,64,34,35,16,12,10,8,40,1,0
240,207,159,50,18,34,18,12,8,7,39,1,0
225,208,161,49,3,37,18,13,9,8,41,1,0
224,193,145,34,241,37,19,12,10,9,41,1,0
225,191,145,32,226,38,19,12,11,8,44,1,0
225,191,145,17,211,40,21,12,9,9,44,1,0
223,192,113,17,193,41,19,13,9,8,45,1,0
207,177,114,1,177,40,21,15,12,9,46,1,0
208,175,112,1,161,43,22,15,10,10,47,1,0
209,176,97,242,145,44,21,16,10,9,48,1,0
207,177,98,241,116,45,22,14,11,9,48,1,0
208,161,97,225,99,45,24,15,13,10,50,1,0
193,161,81,225,84,46,22,16,13,10,50,1,0
192,159,82,209,68,46,25,16,13,11,51,1,0
192,159,80,208,50,48,23,15,11,11,54,1,0
193,145,66,192,36,48,26,17,13,11,55,1,0
193,143,66,192,18,49,24,16,12,11,54,1,0
176,145,65,177,4,52,26,18,13,11,57,1,0
176,144,49,178,244,51,27,18,12,11,57,1,0
177,114,50,160,226,54,28,19,14,10,58,1,0
175,113,49,160,210,54,28,18,13,12,58,1,0
177,114,32,145,195,55,28,18,14,11,59,1,0
160,113,32,146,178,55,28,19,15,12,60,1,0
159,98,32,113,164,58,28,20,15,12,62,1,0
160,98,16,114,146,57,28,21,14,12,64,1,0
160,97,18,98,117,59,29,21,14,13,64,1,0
159,98,17,98,99,59,31,20,16,12,65,1,0
145,82,0,81,83,62,32,20,16,12,66,1,0
145,80,1,82,67,62,32,20,17,12,68,1,0
144,82,0,67,53,64,32,20,17,13,68,1,0
145,82,241,67,36,64,33,23,15,14,70,1,0
145,64,241,49,19,65,32,22,17,14,70,1,0
114,66,240,51,4,65,33,21,17,14,70,1,0
113,65,226,33,243,67,33,24,18,13,71,1,0
112,65,225,34,227,67,33,24,17,13,74,1,0
113,48,226,17,213,68,35,23,17,13,75,1,0
114,49,208,18,197,71,34,24,17,13,76,1,0
96,48,208,1,179,71,37,25,18,15,77,1,0
96,49,209,1,164,73,35,24,19,14,76,1,0
98,34,192,243,147,73,37,26,19,15,79,1,0
96,33,192,242,117,75,38,24,19,14,80,1,0
97,33,192,226,100,74,39,24,18,15,79,1,0
81,34,178,225,84,76,37,26,18,15,80,1,0
81,17,176,210,68,77,38,26,19,16,81,1,0
82,17,176,211,52,78,38,27,19,15,83,1,0
82,16,162,193,37,79,40,27,19,17,83,1,0
80,16,162,194,22,79,41,27,20,16,86,1,0
66,1,160,178,4,80,42,26,22,17,86,1,0
64,2,144,178,244,83,42,27,20,18,87,1,0
64,1,145,162,230,84,41,27,20,16,87,1,0
64,2,145,161,213,84,42,27,20,17,90,1,0
65,240,113,147,196,85,42,28,23,16,91,1,0
49,241,114,145,182,87,42,28,21,19,92,1,0
49,240,114,114,165,87,44,28,23,17,92,1,0
50,240,99,114,148,89,43,29,23,18,94,1,0
49,224,98,100,118,89,46,29,24,18,94,1,0
48,225,97,100,101,90,45,31,22,19,96,1,0
34,226,81,84,86,91,45,32,23,19,97,1,0
33,224,83,82,70,93,47,32,23,18,97,1,0
34,208,81,67,55,92,47,32,23,19,99,1,0
32,209,65,66,38,93,47,32,24,20,100,1,0
32,208,65,50,21,94,49,32,23,20,101,1,0
16,208,66,51,7,96,48,32,24,19,102,1,0
18,192,51,34,247,97,49,34,24,21,101,1,0
17,192,49,35,229,98,49,34,24,21,102,1,0
16,193,51,20,213,99,50,32,25,19,104,1,0
16,192,33,19,197,99,51,35,25,20,104,1,0
0,176,34,4,181,100,51,33,26,21,107,1,0
1,177,35,4,167,101,51,35,27,22,106,1,0
0,178,18,244,151,103,51,34,27,21,108,1,0
1,177,18,244,120,105,52,35,26,22,110,1,0
1,160,18,227,103,105,53,35,28,21,109,1,0
241,160,3,226,88,105,54,35,28,22,111,1,0
240,161,1,210,70,107,55,35,26,21,111,1,0
242,162,3,211,54,108,54,37,27,23,112,1,0
242,146,243,196,40,108,55,37,28,21,113,1,0
240,145,241,195,23,110,54,37,29,21,116,1,0
225,146,241,178,6,112,57,36,28,24,117,1,0
224,145,227,178,247,111,55,39,27,22,116,1,0
225,115,226,162,232,113,56,38,29,23,117,1,0
225,113,226,164,216,114,56,38,29,22,118,1,0
224,115,210,148,200,115,57,40,30,24,121,1,0
209,113,209,146,182,116,58,40,30,24,122,1,0
208,97,211,117,166,117,58,39,31,24,122,1,0
209,97,193,115,151,117,58,40,29,25,124,1,0
208,97,195,101,121,120,60,39,29,24,123,1,0
210,97,194,100,104,120,60,39,31,23,126,1,0
192,81,178,84,88,122,62,41,31,26,126,1,0
193,83,177,84,71,123,61,41,30,25,128,1,0
194,81,178,68,56,124,61,41,31,25,127,1,0
194,81,162,69,41,123,62,41,31,24,130,1,0
192,66,162,51,24,124,62,41,32,24,129,1,0
178,66,163,53,9,126,63,41,33,26,131,1,0
178,66,147,37,249,126,65,42,31,25,131,1,0
177,65,146,37,231,128,63,44,32,25,132,1,0
177,49,145,21,217,130,64,43,32,27,135,1,0
176,50,114,19,199,129,65,44,32,27,135,1,0
161,51,114,5,185,132,66,43,32,26,136,1,0
161,50,114,3,168,132,66,43,34,28,137,1,0
162,35,98,245,151,134,66,45,34,28,137,1,0
162,33,99,245,122,135,68,44,33,27,139,1,0
160,34,100,227,104,136,69,44,34,27,141,1,0
146,34,83,229,89,135,68,47,34,28,142,1,0
146,17,83,212,72,138,70,45,34,28,142,1,0
144,18,84,211,57,137,70,47,34,29,142,1,0
146,18,66,197,40,140,69,47,36,28,145,1,0
144,19,66,195,24,139,70,47,36,29,146,1,0
113,3,66,179,10,140,71,48,36,29,146,1,0
114,1,52,180,250,142,70,47,36,29,146,1,0
115,3,50,163,232,144,73,47,36,28,148,1,0
115,3,50,163,217,143,73,47,37,28,148,1,0
115,243,34,147,202,144,74,49,38,29,150,1,0
97,242,34,147,186,145,74,48,38,31,150,1,0
97,241,36,116,170,148,73,49,36,29,151,1,0
98,243,18,118,153,147,75,50,37,29,152,1,0
98,226,18,100,121,149,76,49,38,29,154,1,0
98,227,19,100,105,151,76,50,37,30,155,1,0
82,226,4,86,90,151,75,52,39,30,156,1,0
83,226,3,85,74,151,76,52,39,32,158,1,0
81,209,4,68,57,153,77,51,40,32,159,1,0
81,211,242,69,41,153,77,52,39,32,160,1,0
82,209,243,54,26,154,78,53,40,32,161,1,0
65,209,242,53,11,156,78,53,38,32,162,1,0
67,193,226,36,249,157,78,54,40,32,161,1,0
67,193,226,37,235,159,79,54,41,32,163,1,0
67,194,226,20,219,158,80,53,41,32,165,1,0
65,195,212,22,97,0,79,54,41,32,166,1,0
49,177,212,6,81,1,81,55,42,33,165,1,0
49,178,210,5,63,2,81,53,40,34,168,1,0
50,178,196,246,47,3,83,56,40,34,167,1,0
51,178,196,245,31,4,82,55,41,33,168,1,0
51,161,196,228,15,6,84,56,43,32,170,1,0
35,161,180,228,-1,6,83,55,43,33,170,1,0
35,162,178,213,239,6,84,55,41,33,171,1,0
35,163,179,213,224,7,83,57,41,33,174,1,0
35,145,162,198,208,9,85,58,43,34,175,1,0
35,146,164,198,193,9,84,56,44,33,176,1,0
17,145,163,181,176,11,87,58,44,35,177,1,0
19,146,148,181,159,12,85,59,42,35,176,1,0
18,114,146,165,144,13,86,57,43,35,5,1,0
17,114,147,165,114,13,86,58,44,35,5,1,0
17,116,116,150,97,14,88,60,45,36,5,1,0
3,115,115,148,80,15,89,59,43,37,7,1,0
3,98,117,117,65,16,90,60,44,35,7,1,0
2,98,100,117,49,18,90,60,46,36,5,0,0
3,98,99,103,34,20,89,60,46,37,7,0,0
2,100,100,102,18,19,89,61,45,36,5,0,0
241,84,85,87,1,21,91,61,47,37,6,0,0
241,83,83,85,241,23,92,60,46,36,6,0,0
241,84,83,70,226,23,93,62,47,37,6,0,0
243,82,67,69,209,25,91,61,45,37,6,0,0
241,67,69,53,193,26,93,63,46,37,7,0,0
227,67,69,54,177,26,92,63,46,39,7,0,0
226,67,52,37,162,27,93,63,46,38,7,0,0
227,67,52,37,144,27,94,62,46,37,6,0,0
225,52,53,22,113,30,96,62,49,38,7,0,0
226,51,36,21,99,31,95,64,47,38,5,0,0
211,51,36,5,81,31,96,64,47,40,6,0,0
211,50,36,7,66,33,97,65,49,38,7,0,0
211,35,21,247,51,34,98,65,50,40,5,0,0
210,34,19,245,35,33,96,65,50,38,7,0,0
209,36,19,230,19,35,98,64,49,38,7,0,0
193,34,4,229,1,35,97,65,49,40,5,0,0
195,20,5,213,243,36,100,65,51,40,6,0,0
194,18,3,215,226,38,99,67,49,40,7,0,0
195,20,245,198,209,40,99,68,49,39,7,0,0
193,19,243,197,194,39,100,68,50,39,7,0,0
177,4,245,182,178,41,102,68,51,42,7,0,0
178,2,227,183,162,41,102,69,52,40,5,0,0
179,3,228,166,145,44,101,67,52,41,5,0,0
178,2,228,165,116,45,102,67,52,40,5,0,0
177,244,213,150,100,46,103,68,53,42,5,0,0
162,242,211,150,83,46,103,68,53,41,5,0,0
162,244,212,118,66,47,105,69,52,41,6,0,0
162,243,196,118,50,49,103,69,53,41,5,0,0
161,227,197,104,34,50,105,71,52,43,6,0,0
162,226,196,104,19,50,105,71,54,42,6,0,0
146,228,181,87,2,50,105,71,52,43,7,0,0
145,226,180,86,242,51,106,70,53,44,6,0,0
145,212,179,72,227,54,106,72,54,43,5,0,0
146,210,164,71,212,55,108,71,55,42,7,0,0
145,210,165,54,195,54,109,72,55,43,5,0,0
116,210,165,56,178,55,108,71,53,43,5,0,0
115,195,149,38,164,57,110,74,55,43,5,0,0
115,195,148,39,148,57,109,72,55,44,5,0,0
114,195,149,22,115,60,109,73,54,44,5,0,0
114,196,118,24,101,60,109,73,55,45,6,0,0
98,178,116,6,85,61,112,74,57,44,7,0,0
100,179,118,7,69,61,111,74,57,46,6,0,0
99,180,101,246,51,63,113,76,55,45,6,0,0
99,180,100,246,37,65,113,74,57,46,6,0,0
100,162,100,231,19,64,112,74,57,46,5,0,0
84,162,84,231,3,65,113,77,57,45,6,0,0
84,163,85,216,244,67,115,76,56,47,7,0,0
83,162,86,215,228,67,115,76,57,47,6,0,0
83,146,70,199,213,69,114,76,58,45,6,0,0
84,146,68,200,197,71,116,78,58,45,6,0,0
68,148,70,182,181,71,116,78,58,48,5,0,0
67,148,54,182,165,71,117,77,59,48,6,0,0
68,116,53,168,147,73,117,79,60,46,6,0,0
68,115,53,168,118,73,116,78,59,47,5,0,0
67,117,37,152,102,76,119,80,59,48,5,0,0
52,117,38,150,84,76,117,79,58,47,7,0,0
51,101,37,119,68,76,119,80,61,47,5,0,0
51,99,22,119,52,78,119,79,59,48,7,0,0
50,101,20,104,37,80,121,80,60,47,6,0,0
50,99,22,105,22,80,120,79,60,49,6,0,0
35,85,6,87,6,82,121,81,60,49,6,0,0
34,83,6,87,244,81,122,81,62,49,7,0,0
35,83,4,72,230,83,123,81,62,49,6,0,0
36,83,244,72,213,85,122,82,61,48,7,0,0
34,68,244,57,196,86,123,83,63,49,7,0,0
20,69,245,55,182,85,122,82,63,51,6,0,0
18,68,228,39,164,88,125,82,61,51,6,0,0
18,68,228,39,149,89,125,84,61,51,6,0,0
20,53,228,23,117,90,124,82,63,50,7,0,0
18,53,212,25,102,90,126,84,62,49,5,0,0
3,52,213,7,86,90,126,84,64,51,6,0,0
3,53,214,7,71,91,127,83,64,50,5,0,0
4,37,198,249,53,92,128,85,64,51,5,0,0
2,37,198,248,38,93,127,86,64,52,6,0,0
4,35,197,233,21,96,128,84,63,52,5,0,0
242,36,181,232,6,95,127,85,64,52,7,0,0
242,19,180,216,246,96,130,86,66,52,7,0,0
242,20,180,216,230,98,129,86,65,52,7,0,0
243,20,165,200,214,99,129,88,64,51,7,0,0
244,20,165,201,198,99,129,87,64,51,7,0,0
226,4,164,184,182,102,130,86,66,53,6,0,0
226,3,148,185,165,103,131,88,65,52,7,0,0
228,3,149,169,149,102,133,89,67,52,5,0,0
227,4,150,167,120,103,131,89,66,53,7,0,0
227,244,118,153,104,106,134,90,68,53,5,0,0
211,244,118,152,87,105,133,89,67,53,6,1,0
211,244,119,122,72,108,133,88,68,53,9,1,0
211,243,102,121,54,108,134,91,68,55,8,1,0
211,228,102,105,39,110,134,90,69,55,11,1,0
212,228,103,106,22,109,136,89,69,53,11,1,0
196,229,86,89,7,110,135,90,68,55,11,1,0
196,227,86,90,247,113,137,90,67,55,12,1,0
196,211,85,72,230,113,137,91,70,55,14,1,0
195,213,71,73,215,113,136,91,68,56,15,1,0
196,213,69,58,199,115,137,93,69,54,16,1,0
179,212,70,58,182,115,139,92,69,55,16,1,0
178,197,54,41,168,118,140,94,70,56,18,1,0
180,196,53,40,151,117,140,94,71,56,19,1,0
178,197,54,25,120,118,141,92,70,55,19,1,0
179,195,38,25,105,120,141,94,69,56,21,1,0
163,181,37,9,88,120,140,94,71,58,21,1,0
162,179,39,9,72,121,140,95,71,58,24,1,0
162,179,23,249,55,123,143,96,70,57,24,1,0
162,179,22,249,40,123,141,94,70,58,25,1,0
162,163,23,234,24,124,143,94,73,57,26,1,0
148,165,6,233,7,126,143,96,71,59,27,1,0
148,163,5,218,249,127,143,96,71,58,29,1,0
146,163,6,216,232,128,143,97,71,57,28,1,0
148,148,245,201,215,130,146,98,72,58,30,1,0
147,148,245,200,201,131,144,96,73,59,32,1,0
117,149,245,186,183,131,145,96,74,60,33,1,0
117,148,231,186,167,133,147,99,73,59,33,1,0
116,118,229,169,151,133,148,99,74,58,33,1,0
116,118,229,168,120,135,148,97,74,60,36,1,0
116,117,215,153,106,134,149,99,74,59,35,1,0
101,118,215,153,90,137,149,100,75,60,38,1,0
100,100,215,121,72,136,149,99,74,59,37,1,0
99,102,199,121,58,138,150,100,76,61,39,1,0
100,101,198,106,40,139,150,101,75,61,39,1,0
100,102,198,107,26,141,149,99,76,60,41,1,0
83,85,181,91,9,142,152,101,75,62,43,1,0
85,84,181,90,250,141,150,102,75,62,44,1,0
85,84,183,74,232,143,153,102,77,60,45,1,0
83,86,165,73,217,143,153,101,77,61,45,1,0
83,68,167,57,201,145,153,103,77,61,47,1,0
68,68,165,57,186,146,154,103,76,63,48,1,0
68,68,151,42,168,148,154,103,78,62,47,1,0
68,70,150,41,153,148,154,104,77,61,49,1,0
67,52,149,26,121,149,155,103,78,61,51,1,0
67,54,120,26,106,150,155,103,78,63,50,1,0
52,52,119,11,91,152,157,104,77,64,52,1,0
52,52,118,11,75,152,157,105,77,64,53,1,0
51,37,104,250,59,152,157,106,78,64,53,1,0
53,38,102,250,42,154,157,105,78,62,55,1,0
51,37,102,234,25,155,159,104,80,64,57,1,0
35,37,88,233,11,157,158,107,80,64,58,1,0
35,22,88,218,250,156,160,106,81,65,57,1,0
35,22,86,219,235,158,160,107,80,63,59,1,0
35,21,71,95,217,159,-1,107,79,63,60,1,0
37,20,72,95,97,1,-1,108,81,64,62,1,0
20,5,72,81,80,2,1,108,80,65,61,1,0
21,6,56,79,63,1,1,108,82,66,63,1,0
21,6,55,65,47,4,1,109,81,65,64,1,0
19,5,54,65,33,5,1,107,81,66,64,1,0
19,244,38,48,17,4,3,109,83,66,66,1,0
4,245,40,47,1,7,3,108,82,65,68,1,0
4,246,40,33,240,7,4,108,82,66,69,1,0
3,244,23,31,225,7,5,110,83,66,68,1,0
4,230,22,15,208,9,6,111,84,67,71,1,0
4,229,22,17,193,11,6,110,83,67,71,1,0
243,228,7,0,175,12,5,110,83,67,73,1,0
244,230,6,-1,161,11,7,111,82,67,72,1,0
243,213,6,239,143,13,7,112,83,68,73,1,0
245,212,248,241,112,15,6,113,84,67,76,1,0
243,212,248,223,98,15,7,112,85,67,75,1,0
229,214,246,223,82,16,7,112,84,67,76,1,0
228,196,230,207,64,17,10,112,85,69,78,1,0
228,198,230,209,48,19,9,114,86,67,79,1,0
227,197,230,192,34,18,10,113,84,69,80,1,0
228,197,216,193,16,19,10,113,85,69,82,1,0
211,181,214,177,0,20,12,114,85,70,81,1,0
212,182,214,176,240,22,12,113,85,69,83,1,0
211,181,200,160,225,24,11,114,87,68,83,1,0
211,180,198,161,210,23,13,114,85,68,86,1,0
212,164,198,145,194,24,12,115,86,69,86,1,0
197,166,184,145,176,25,14,116,86,69,87,1,0
197,166,184,114,161,28,13,115,88,71,87,1,0
197,166,182,112,144,27,14,116,87,70,88,1,0
196,149,166,97,114,30,16,117,89,70,90,1,0
196,149,166,97,98,29,14,117,88,69,91,1,0
181,149,167,82,81,32,16,118,87,72,91,1,0
180,148,151,81,65,31,16,119,88,72,92,1,0
179,118,150,64,50,33,16,119,88,70,93,1,0
180,117,151,64,34,33,17,118,88,70,96,1,0
181,119,119,48,17,36,19,118,89,72,96,1,0
164,118,121,48,2,37,18,120,88,71,98,1,0
165,102,120,32,241,38,20,118,90,72,97,1,0
164,103,103,34,227,37,18,120,90,73,98,1,0
164,103,105,17,210,39,21,121,89,73,100,1,0
165,103,104,17,194,39,20,120,89,71,100,1,0
149,87,87,2,179,40,22,122,90,73,101,1,0
147,85,88,2,161,42,21,122,90,72,104,1,0
149,85,88,240,146,42,21,122,91,74,105,1,0
149,85,73,242,114,45,21,122,90,73,105,1,0
148,70,73,225,98,45,23,121,92,73,106,1,0
116,70,71,225,82,45,24,121,91,74,107,1,0
118,70,56,210,68,47,25,123,91,75,109,1,0
116,70,57,209,52,48,23,124,93,74,109,1,0
116,55,57,193,36,48,25,123,94,73,110,1,0
118,54,39,192,19,51,25,124,92,74,112,1,0
100,54,39,177,4,52,27,124,93,74,111,1,0
101,54,41,177,244,53,26,123,92,74,114,1,0
101,38,24,160,226,52,26,125,93,75,113,1,0
100,37,23,160,212,54,27,124,94,74,115,1,0
102,39,24,145,195,54,28,125,95,74,116,1,0
85,37,8,146,180,55,27,125,94,76,117,1,0
85,23,9,115,162,58,29,126,96,75,118,1,0
85,23,9,114,147,59,30,126,94,75,118,1,0
85,21,249,98,115,58,29,128,95,76,120,1,0
84,22,247,98,99,61,29,127,94,77,122,1,0
68,6,247,83,83,60,30,127,95,78,123,1,0
70,6,231,83,69,61,30,128,96,78,122,1,0
69,5,232,65,52,62,32,127,97,78,125,1,0
69,7,233,66,37,64,32,128,96,77,126,1,0
69,245,217,50,20,65,32,128,98,78,126,1,0
52,245,215,50,5,67,34,129,97,77,126,1,0
53,246,215,33,243,67,34,129,97,79,129,1,0
53,247,199,33,229,69,35,131,97,77,130,1,0
54,230,200,18,211,68,36,129,98,78,131,1,0
53,231,199,17,196,71,36,131,98,78,131,1,0
38,230,184,3,180,70,35,131,98,80,132,0,0
36,230,184,2,165,72,37,131,99,79,131,0,0
36,214,183,241,148,74,37,130,98,79,131,0,0
38,213,167,241,117,74,37,132,100,79,131,0,0
36,213,167,227,100,75,38,133,98,78,131,0,0
21,213,167,226,85,75,39,131,98,80,131,0,0
21,199,153,209,69,78,40,132,99,79,131,0,0
21,199,152,209,54,78,39,134,99,79,132,0,0
21,198,152,195,37,79,39,133,99,81,130,0,0
20,199,120,193,22,80,39,135,101,81,132,0,0
6,181,121,177,5,81,41,135,100,82,131,0,0
6,181,120,178,244,83,42,135,102,80,132,0,0
4,182,106,162,230,83,42,135,102,80,132,0,0
4,181,105,163,212,83,41,134,100,80,130,0,0
4,167,105,147,197,85,44,136,103,80,131,0,0
245,167,89,146,180,85,42,135,101,82,132,0,0
246,165,90,114,166,86,43,137,102,82,131,0,0
244,166,89,115,149,88,43,137,101,81,132,0,0
246,150,72,99,118,89,46,138,103,82,131,0,0
245,151,73,99,101,89,46,137,102,83,130,0,0
229,151,72,82,85,90,46,136,104,82,132,0,0
229,151,57,84,70,92,46,137,102,84,132,0,0
229,119,56,68,54,94,48,138,104,83,131,0,0
229,120,56,67,38,93,48,139,104,82,132,0,0
230,118,40,51,23,95,48,139,104,82,130,0,0
214,118,41,52,5,96,47,140,103,85,131,0,0
212,104,42,36,246,98,48,140,105,85,130,0,0
214,103,26,35,229,98,48,140,105,85,132,0,0
213,104,26,18,213,99,49,139,104,85,132,0,0
212,103,25,18,198,100,50,140,106,84,132,0,0
198,86,8,3,181,102,52,141,106,85,131,0,0
197,88,9,2,166,103,50,140,106,86,131,0,0
196,88,8,243,150,103,52,140,107,84,131,0,0
196,87,250,244,120,103,52,142,106,86,131,0,0
197,70,250,226,103,106,52,142,107,84,130,0,0
182,70,250,227,87,107,53,143,107,86,130,0,0
181,71,234,212,72,108,55,144,106,85,132,0,0
182,71,233,212,55,107,54,144,107,86,132,0,0
181,56,232,195,39,110,54,144,108,87,132,0,0
181,55,217,194,23,110,55,145,109,85,131,0,0
165,54,218,180,8,111,55,143,108,88,130,0,0
164,55,218,178,248,113,56,144,108,87,130,0,0
164,40,202,164,231,113,58,145,108,87,130,0,0
164,39,202,164,216,113,57,146,109,88,130,0,0
164,40,202,148,199,115,58,144,110,88,132,0,0
150,40,184,147,184,115,58,145,109,89,132,0,0
148,24,185,116,167,117,60,145,111,87,132,0,0
150,22,185,115,152,119,58,147,111,87,131,0,0
148,23,168,99,120,119,60,147,109,87,130,0,0
148,23,170,100,105,119,60,148,110,88,130,0,0
117,6,170,83,88,121,62,147,111,90,130,0,0
118,7,154,83,73,122,61,147,110,89,132,0,0
119,7,154,68,55,123,63,148,110,90,131,0,0
117,8,154,69,41,124,62,147,112,90,131,0,0
119,246,122,51,25,124,62,149,111,89,130,0,0
103,248,121,52,9,125,63,149,113,91,132,0,0
101,248,123,37,247,128,64,148,112,90,131,0,0
102,248,106,36,232,127,64,151,112,90,132,0,0
103,232,106,19,217,128,64,150,114,89,131,0,0
101,232,107,21,200,131,66,151,113,90,132,0,0
85,230,89,4,185,132,65,150,113,90,130,0,0
85,231,91,4,168,132,66,151,114,91,131,0,0
87,216,91,243,152,134,67,150,114,90,130,0,0
87,216,75,245,122,135,68,153,113,92,130,0,0
85,215,75,228,104,135,69,153,115,92,131,0,0
71,216,73,228,89,135,68,153,113,92,131,0,0
71,198,57,213,72,136,68,152,116,92,132,0,0
71,198,57,212,56,137,69,152,115,92,132,0,0
71,198,58,195,42,138,70,152,115,92,132,0,0
71,200,43,196,26,139,70,154,114,91,131,0,0
53,183,43,180,9,142,70,155,117,92,130,0,0
54,182,41,181,250,142,71,154,115,93,130,0,0
53,182,25,164,233,143,72,156,117,92,131,0,0
55,183,27,164,218,145,72,154,115,92,132,0,0
54,168,26,149,201,144,73,154,117,94,131,0,0
39,166,9,147,184,147,73,156,117,94,130,0,0
38,166,9,116,170,147,74,157,116,93,132,0,0
37,167,10,117,154,149,73,157,116,93,130,0,0
37,152,249,100,122,149,76,158,117,94,132,0,0
38,152,251,102,106,151,75,158,119,95,130,0,0
22,150,249,85,90,152,76,158,117,94,133,1,0
22,151,233,85,74,153,76,159,117,96,132,1,0
23,121,234,70,57,153,78,159,120,94,134,1,0
21,120,235,69,41,155,78,158,119,94,134,1,0
22,121,219,54,26,156,79,159,120,95,136,1,0
6,120,219,52,10,155,79,160,119,96,137,1,0
6,105,219,38,250,157,79,160,120,96,136,0,0
6,103,96,37,235,157,79,0,121,95,136,0,0
7,103,97,22,218,160,80,1,119,96,138,0,0
7,104,95,22,97,-1,79,-1,119,97,136,0,0
247,88,81,4,79,2,80,0,120,98,137,0,0
247,89,79,5,64,3,82,2,121,98,136,0,0
247,88,80,246,47,3,82,0,120,97,136,0,0
245,88,63,246,32,4,83,1,120,98,136,0,0
245,72,65,228,16,6,83,2,122,97,136,0,0
231,71,64,228,1,5,82,1,121,98,137,0,0
229,72,47,213,240,8,85,3,123,99,138,0,0
231,71,48,214,224,7,83,2,122,97,139,1,0
229,55,48,196,209,10,84,3,123,97,140,1,0
231,55,31,197,191,10,85,4,124,99,140,1,0
213,56,32,180,177,11,86,5,122,100,140,1,0
215,57,31,182,159,12,85,5,123,100,141,1,0
215,40,15,166,144,13,87,4,123,99,144,1,0
215,41,16,164,113,14,88,5,125,100,143,1,0
213,40,17,149,97,15,87,6,124,99,145,1,0
199,39,1,149,82,17,89,6,124,101,145,1,0
197,25,0,119,66,18,90,6,125,99,146,1,0
198,25,-1,119,48,19,89,7,124,99,147,1,0
198,25,241,102,34,18,90,7,125,101,149,1,0
197,25,240,102,18,19,89,8,124,100,151,1,0
181,7,241,85,1,21,92,8,126,100,152,1,0
182,9,224,87,240,22,90,7,127,101,151,1,0
181,9,225,70,226,24,91,8,126,100,153,1,0
183,9,223,70,209,25,92,9,127,102,154,1,0
183,249,209,53,192,24,92,10,126,101,156,1,0
165,247,209,55,176,25,93,9,127,102,155,1,0
167,247,209,37,162,27,95,10,127,103,158,1,0
165,249,191,38,146,29,94,11,126,102,159,1,0
167,232,191,21,115,30,96,10,128,103,160,1,0
165,233,192,21,99,30,95,11,128,103,161,1,0
150,231,175,6,83,32,96,10,129,104,161,1,0
151,233,176,7,67,31,95,11,127,104,162,1,0
151,215,177,246,51,34,98,12,129,103,162,1,0
151,217,161,246,35,33,96,12,129,102,164,1,0
149,215,159,231,18,34,99,12,130,104,165,1,0
119,215,159,230,3,37,98,12,130,103,165,1,0
119,201,143,214,241,38,98,14,130,105,166,1,0
120,200,144,213,226,37,98,13,130,103,168,1,0
118,200,144,199,211,40,101,12,130,104,168,1,0
120,200,112,199,195,41,99,14,131,103,169,1,0
104,184,114,181,179,40,101,15,130,105,171,1,0
104,185,114,181,163,43,101,13,130,105,173,1,0
102,183,98,166,147,43,102,14,132,104,172,1,0
104,183,98,165,114,45,101,16,131,105,175,1,0
102,168,97,149,98,44,102,15,133,105,174,1,0
87,167,80,149,83,46,102,15,132,107,176,1,0
87,169,82,118,67,46,103,15,133,105,177,1,0
87,168,82,119,51,48,103,15,132,105,6,1,0
88,151,65,103,35,50,106,16,132,106,5,1,0
87,153,66,103,20,51,104,17,133,106,5,1,0
70,153,66,88,3,50,106,17,134,107,7,1,0
70,151,48,88,244,52,106,18,134,108,6,1,0
72,120,49,72,226,54,107,17,133,108,5,1,0
70,122,49,70,211,53,108,17,135,107,5,1,0
70,120,32,56,195,56,109,19,134,107,6,1,0
56,120,32,54,180,55,107,20,133,107,6,1,0
54,105,32,38,164,56,109,19,135,108,6,1,0
54,105,17,40,147,59,109,21,135,108,5,1,0
56,106,16,24,116,60,109,20,135,107,6,1,0
56,105,17,24,101,61,111,20,135,109,5,1,0
40,90,1,6,83,61,112,21,137,109,6,1,0
38,89,2,8,68,62,110,22,135,110,6,1,0
40,88,1,247,51,64,112,22,136,109,7,1,0
38,89,242,246,35,64,113,23,135,110,5,1,0
38,74,242,232,19,66,112,21,136,108,6,1,0
23,74,242,231,3,66,112,23,137,110,6,1,0
22,73,226,216,244,68,113,23,136,109,5,1,0
22,72,224,216,228,68,113,24,136,111,6,1,0
24,56,224,199,212,68,116,22,138,109,7,1,0
23,56,209,199,195,71,116,23,137,109,6,1,0
7,56,208,183,179,70,116,25,139,112,5,1,0
8,56,210,182,164,71,117,24,137,111,6,1,0
7,42,194,167,149,72,118,24,140,111,5,1,0
6,42,193,166,117,74,118,24,140,110,7,1,0
8,40,192,150,102,75,117,26,139,110,7,1,0
246,41,178,151,85,77,117,25,139,112,5,1,0
248,25,177,120,70,76,119,27,141,112,7,1,0
248,25,176,120,52,79,120,26,141,111,8,1,0
247,25,161,105,36,80,119,27,141,111,8,1,0
247,25,160,104,20,79,120,28,139,111,9,1,0
231,9,162,88,6,80,121,28,141,114,10,1,0
232,10,146,87,246,83,122,28,141,113,12,1,0
231,10,145,73,228,83,123,28,142,113,12,1,0
232,8,144,73,213,83,121,29,142,113,13,1,0
232,249,115,56,196,84,124,30,141,113,15,1,0
216,249,114,55,181,85,122,28,142,113,15,1,0
216,250,115,41,165,88,125,30,143,115,16,1,0
215,249,99,41,148,89,123,31,143,114,17,1,0
215,233,99,24,119,88,125,31,143,113,19,1,0
215,233,98,24,101,89,125,31,144,115,18,1,0
199,234,82,8,85,91,126,31,142,116,19,1,0
200,233,83,7,69,91,126,32,142,115,20,1,0
199,216,81,249,54,92,127,31,144,116,22,1,0
198,216,66,249,39,93,128,33,144,115,24,1,0
199,218,67,232,22,95,128,31,145,116,24,1,0
184,218,67,231,5,96,129,31,145,117,25,1,0
184,201,51,215,246,97,129,32,144,115,25,1,0
183,200,50,217,230,97,130,34,145,117,27,1,0
184,201,51,199,214,98,130,33,146,115,27,1,0
183,200,35,200,199,99,130,33,144,115,28,1,0
168,184,33,185,181,102,132,33,146,117,31,1,0
167,185,34,185,165,101,132,33,145,117,31,1,0
166,184,18,168,149,102,132,34,145,118,32,1,0
166,186,18,167,119,103,133,34,147,117,34,1,0
167,169,17,152,103,106,132,34,147,116,34,1,0
150,170,2,151,87,106,133,35,146,117,35,1,0
152,168,1,122,70,107,133,37,147,118,35,1,0
151,168,2,120,54,108,135,36,148,117,37,1,0
151,153,241,104,40,109,135,38,147,117,38,1,0
151,153,242,106,23,109,134,36,148,118,39,1,0
121,152,242,90,8,111,136,36,149,119,40,1,0
119,153,226,88,248,113,135,37,147,119,41,1,0
121,121,225,72,231,113,137,38,150,120,41,0,0
121,122,226,73,214,114,136,38,148,120,40,0,0
120,123,209,57,200,115,138,40,148,119,42,0,0
104,123,211,56,183,115,139,38,149,121,42,0,0
103,105,209,42,167,117,140,39,149,120,40,0,0
103,105,193,41,151,119,138,39,149,120,42,0,0
105,106,195,24,120,120,141,40,151,121,41,0,0
103,106,193,26,104,120,141,41,151,119,42,0,0
88,91,179,8,89,120,141,41,150,121,42,0,0
87,90,179,10,71,121,142,42,152,122,41,0,0
87,91,179,250,57,124,143,42,152,120,40,0,0
89,90,161,248,39,125,142,43,152,121,41,0,0
88,73,162,234,24,126,144,41,152,122,40,0,0
72,74,161,233,8,125,142,43,152,121,41,0,0
73,73,147,217,249,127,144,42,153,121,40,0,0
73,75,147,218,233,127,143,43,152,122,41,0,0
73,57,145,201,217,128,146,44,153,122,40,0,0
71,57,116,202,201,129,146,43,152,123,40,0,0
56,58,114,186,184,132,145,44,153,123,41,0,0
57,59,115,186,168,131,146,44,153,124,42,0,0
56,42,100,169,151,134,146,44,154,123,41,0,0
57,41,99,170,121,133,147,46,155,122,42,0,0
56,41,100,154,105,135,149,44,153,123,42,0,0
39,41,83,152,89,136,148,45,154,124,41,0,0
39,26,82,121,74,137,148,45,154,124,41,0,0
39,27,82,122,57,138,150,47,154,123,40,0,0
40,25,68,106,40,140,151,47,155,125,40,0,0
39,25,66,106,24,139,151,48,156,123,42,0,0
25,10,66,89,8,142,152,47,156,124,42,0,0
23,10,50,90,249,142,150,47,157,124,40,0,0
23,10,52,75,233,144,152,48,156,126,40,0,0
24,11,52,74,218,143,153,47,157,125,42,0,0
25,251,35,59,202,146,154,48,156,126,42,0,0
7,250,34,59,185,147,152,48,156,126,42,0,0
7,249,36,41,169,146,154,50,156,126,42,0,0
8,249,19,43,152,149,153,50,158,125,42,0,0
7,235,18,26,123,149,156,50,158,127,41,0,0
8,235,20,27,106,151,156,49,158,127,41,0,0
247,234,4,9,91,150,157,52,157,127,41,0,0
249,235,2,9,74,152,157,51,157,127,40,0,0
248,218,2,249,59,152,158,51,159,126,40,0,0
248,217,244,250,42,155,156,53,158,128,42,0,0
247,217,243,235,25,156,157,53,158,127,41,0,0
231,217,242,233,11,157,157,51,158,128,40,0,0
231,96,228,219,251,158,160,54,0,127,42,0,0
231,97,226,219,233,157,158,54,0,128,40,0,0
232,97,228,95,217,158,-1,53,-1,128,40,0,0
232,95,212,95,97,0,-1,55,1,128,42,0,0
217,80,212,81,81,2,0,53,2,130,40,0,0
217,79,210,81,64,1,1,55,1,128,42,0,0
216,79,195,63,48,3,3,55,0,130,43,1,0
216,81,196,64,31,3,3,54,1,130,43,1,0
217,65,196,47,16,4,4,55,3,129,45,1,0
201,65,180,47,-1,5,4,57,1,130,45,1,0
201,63,180,31,241,6,5,57,3,129,47,1,0
201,63,178,33,223,9,5,57,2,130,46,1,0
199,49,162,16,209,10,5,56,3,130,48,1,0
201,49,163,15,193,10,6,58,2,130,48,1,0
184,48,163,-1,176,12,5,56,4,131,51,1,0
185,47,148,1,161,11,6,58,4,130,51,1,0
184,31,146,241,143,13,6,57,5,132,53,1,0
183,32,146,241,113,14,8,59,4,131,54,1,0
184,32,115,225,96,16,8,59,3,132,53,1,0
168,31,115,223,81,15,9,58,3,131,55,1,0
167,15,115,209,65,16,9,58,4,133,57,1,0
167,16,99,209,49,18,8,60,5,131,57,1,0
167,15,99,192,33,19,11,60,4,133,59,1,0
169,17,99,193,17,20,9,59,5,133,58,1,0
152,1,84,177,1,20,12,61,7,134,61,1,0
151,0,83,176,240,23,10,61,5,134,61,1,0
152,1,85,161,224,24,11,62,5,134,63,1,0
152,-1,67,159,210,25,13,63,7,132,62,1,0
152,239,68,144,192,24,13,61,7,132,63,1,0
120,239,67,143,178,25,13,62,6,133,65,1,0
121,239,52,113,160,27,14,63,8,135,66,1,0
121,241,53,114,145,27,13,63,6,134,66,1,0
121,224,51,98,113,30,16,64,9,134,68,0,0
120,225,36,98,98,31,16,64,8,134,66,0,0
105,223,37,81,82,31,17,65,9,134,67,0,0
106,223,37,82,67,32,16,64,8,136,67,0,0
106,209,19,66,51,34,17,64,8,136,67,0,0
106,208,21,66,33,35,17,65,9,136,67,0,0
105,209,20,50,17,34,18,64,10,136,66,0,0
90,209,3,50,3,37,17,66,8,135,67,0,0
89,193,4,32,243,38,19,67,10,137,67,0,0
88,193,4,32,227,39,18,67,11,135,67,0,0
88,193,243,18,209,38,19,67,10,137,67,0,0
88,191,244,16,195,39,21,66,10,137,66,0,0
72,175,245,1,177,41,21,67,11,137,68,0,0
74,176,229,0,161,42,21,69,11,136,66,0,0
74,176,227,241,145,43,21,67,11,138,67,0,0
73,175,229,240,115,44,23,68,11,138,66,0,0
72,161,211,224,100,45,23,70,12,136,66,0,0
58,161,212,224,82,46,24,70,11,138,68,0,0
56,161,211,209,68,47,25,69,13,137,67,0,0
56,159,195,209,52,47,24,69,11,137,68,0,0
56,145,195,193,36,50,26,69,13,137,68,0,0
58,145,197,193,19,49,25,71,14,139,68,1,0
40,144,179,177,2,51,27,72,14,140,69,1,0
42,144,179,178,243,52,26,72,13,139,70,1,0
41,112,179,162,228,54,27,71,13,138,71,1,0
42,113,164,160,210,54,26,71,15,138,73,1,0
40,112,164,145,195,54,27,71,14,140,72,1,0
25,113,165,145,178,57,27,72,14,141,75,1,0
24,96,149,115,163,56,30,74,14,140,76,1,0
26,98,147,115,146,57,29,74,15,139,77,1,0
26,98,147,99,117,59,29,74,14,140,76,1,0
24,96,118,99,100,60,31,75,14,139,79,1,0
10,82,117,81,85,61,32,75,15,142,80,1,0
8,81,118,82,68,63,31,75,15,140,80,1,0
10,82,102,67,53,64,31,76,16,142,80,1,0
10,80,100,66,35,65,32,76,15,142,81,1,0
10,65,102,51,20,66,32,75,17,140,83,1,0
249,66,84,49,3,66,34,75,18,143,84,1,0
250,64,86,35,243,67,35,75,18,141,85,1,0
250,64,86,35,227,68,34,76,18,141,86,1,0
249,48,70,17,211,68,36,76,19,142,87,1,0
249,48,70,18,196,71,34,77,19,142,89,1,0
234,49,68,2,181,71,36,78,19,144,89,1,0
234,50,53,1,165,73,35,77,19,144,91,1,0
233,32,52,243,149,74,37,77,20,143,91,1,0
234,32,52,241,118,74,37,79,18,142,91,1,0
234,33,38,227,101,74,38,79,18,142,94,1,0
216,34,37,225,85,76,39,78,18,145,94,1,0
218,18,36,210,68,76,39,80,19,143,95,1,0
218,16,20,209,53,79,38,79,20,144,95,1,0
217,17,22,193,37,78,40,79,20,143,97,1,0
216,17,21,193,22,80,40,79,19,144,98,1,0
201,2,4,177,6,80,42,81,21,145,98,1,0
201,2,4,179,244,82,41,81,22,145,101,1,0
202,2,6,161,229,84,41,80,21,146,100,1,0
202,0,246,163,213,84,42,83,20,144,102,1,0
201,240,246,147,198,84,44,82,21,145,104,1,0
186,242,244,145,181,86,43,81,22,146,104,1,0
186,242,230,115,164,88,45,84,22,145,106,1,0
184,240,230,115,148,88,45,83,22,147,106,1,0
186,224,230,100,119,88,45,83,24,145,106,1,0
186,224,213,99,103,89,46,84,23,146,108,1,0
168,224,213,84,87,90,46,85,23,147,110,1,0
170,224,212,84,70,92,47,83,24,147,110,1,0
168,210,197,68,53,94,46,85,24,147,112,1,0
168,210,198,66,37,95,46,86,25,148,111,1,0
170,210,198,51,22,94,47,86,25,148,114,1,0
152,210,182,50,7,96,48,86,23,149,113,1,0
153,192,182,34,246,97,50,85,26,147,114,1,0
154,194,181,34,229,98,50,85,25,149,117,1,0
153,194,166,18,215,99,50,88,26,149,118,1,0
153,192,165,18,198,101,51,87,24,148,118,1,0
123,177,165,3,181,102,50,87,26,149,119,1,0
122,178,148,2,167,103,50,88,25,150,119,1,0
122,178,149,243,151,102,52,88,26,150,121,1,0
122,176,150,242,119,103,51,87,27,149,121,1,0
121,162,119,226,104,105,52,89,27,150,123,1,0
105,160,118,226,88,105,54,90,27,150,125,1,0
107,161,118,212,72,107,55,90,28,149,125,1,0
107,160,102,212,55,107,54,89,27,151,126,1,0
105,146,102,195,40,108,54,89,27,151,126,1,0
106,144,101,195,24,111,54,91,28,150,127,1,0
89,144,86,178,7,112,55,90,28,150,129,1,0
91,146,86,178,246,111,55,90,27,150,129,1,0
89,114,85,163,232,112,58,91,29,152,131,1,0
89,113,70,162,214,115,58,92,29,151,132,1,0
89,115,71,146,199,114,58,92,29,152,132,1,0
74,113,71,146,182,116,58,91,28,152,134,1,0
75,99,54,117,167,116,58,93,31,151,135,1,0
75,98,55,117,152,118,59,92,30,151,136,1,0
75,97,55,100,121,118,60,94,30,152,137,1,0
74,97,38,101,104,119,61,93,30,153,138,1,0
59,83,39,83,88,122,62,93,31,153,139,1,0
58,83,38,85,72,121,61,95,32,152,139,1,0
57,81,21,68,57,122,61,96,31,154,142,1,0
58,83,22,68,41,124,61,94,30,153,141,1,0
58,66,23,53,23,126,63,94,32,152,142,1,0
42,66,6,52,9,126,62,97,31,155,143,1,0
43,65,7,36,248,127,64,95,32,155,145,1,0
41,67,7,36,232,127,65,97,32,154,145,1,0
41,49,246,21,215,128,64,96,32,153,148,1,0
41,51,245,20,199,130,64,97,33,155,147,1,0
25,49,247,4,183,131,66,97,32,155,149,1,0
26,50,231,5,169,132,65,99,32,155,150,1,0
26,33,229,243,151,133,67,99,35,156,150,1,0
27,34,229,243,120,134,67,98,33,154,151,1,0
26,33,215,227,105,136,67,98,35,156,152,1,0
11,35,214,228,89,137,67,100,35,157,154,1,0
9,18,214,213,72,138,69,99,34,155,155,1,0
9,17,197,211,56,137,68,99,35,155,155,1,0
11,18,199,196,41,140,71,101,34,157,157,1,0
10,19,198,197,25,141,69,100,35,156,158,1,0
251,3,183,181,8,140,70,100,36,157,159,1,0
249,1,181,180,250,141,71,102,36,157,159,1,0
250,2,182,163,233,142,71,100,37,158,160,1,0
251,1,165,165,217,143,72,103,37,157,162,1,0
249,241,166,147,202,145,72,101,38,157,163,1,0
233,243,165,148,186,146,73,101,37,157,163,1,0
233,241,150,116,169,148,74,102,37,158,165,1,0
235,243,149,117,154,148,73,102,36,159,166,1,0
233,225,149,102,123,149,75,104,39,159,166,1,0
235,225,119,101,106,149,74,103,38,159,167,1,0
219,226,118,84,91,152,76,104,37,159,168,1,0
218,227,120,84,74,151,77,103,37,159,169,1,0
217,209,104,68,57,154,77,105,38,158,172,1,0
218,210,104,69,43,154,77,105,40,160,171,1,0
218,209,103,53,26,156,77,106,38,158,173,1,0
95,209,88,52,10,155,78,107,38,-1,174,1,0
95,194,87,38,249,156,79,105,41,-1,175,1,0
95,193,86,37,233,159,79,106,40,1,176,1,0
96,195,70,22,218,158,79,108,40,-1,177,1,0
97,193,71,20,96,1,81,108,40,0,7,1,0
80,179,70,5,79,1,80,106,42,2,7,1,0
79,178,56,4,65,2,81,109,40,1,7,1,0
80,179,55,245,49,3,83,107,41,1,7,1,0
81,177,54,244,32,3,82,108,40,1,7,1,0
79,163,40,229,16,6,83,109,41,1,6,1,0
65,163,38,228,-1,6,84,109,42,3,6,1,0
65,163,38,214,239,7,83,110,43,1,7,1,0
64,161,23,213,224,9,85,109,41,3,5,1,0
65,145,23,197,207,10,86,111,44,2,7,1,0
65,147,22,197,191,9,84,110,44,3,6,1,0
49,146,6,181,176,11,85,111,44,2,7,1,0
47,146,6,182,159,11,86,110,44,4,7,1,0
48,115,8,165,144,13,88,111,43,3,5,1,0
48,114,247,164,112,13,88,111,43,4,7,1,0
47,116,246,149,98,15,89,112,44,2,7,1,0
31,116,247,148,81,15,87,111,43,5,6,1,0
31,100,232,117,66,17,89,114,44,5,7,1,0
32,99,231,119,48,17,88,112,44,5,7,1,0
33,98,232,103,33,20,89,113,45,3,6,1,0
32,100,216,103,16,20,89,113,44,5,7,1,0
17,84,216,85,1,22,91,114,47,4,6,1,0
17,82,216,85,242,22,91,115,46,4,7,1,0
15,82,199,70,225,23,91,115,45,4,6,1,0
15,83,200,69,208,23,93,116,46,6,7,1,0
17,66,199,54,193,26,94,114,48,6,6,1,0
-1,68,184,55,178,26,92,115,46,5,7,1,0
-1,66,182,38,161,28,93,116,48,7,6,1,0
1,67,182,38,145,27,93,116,48,6,6,1,0
1,51,166,23,115,29,94,118,48,5,5,1,0
0,51,167,22,99,31,94,118,48,7,7,1,0
240,51,166,7,83,32,97,117,47,8,9,1,0
240,51,151,7,66,33,95,119,47,8,9,1,0
240,35,151,246,51,34,98,119,48,6,10,1,0
240,34,151,246,33,33,98,117,48,6,12,1,0
239,35,121,231,19,36,99,118,48,7,12,1,0
225,36,119,230,3,36,99,118,50,9,14,1,0
223,18,121,214,241,36,99,119,50,8,13,1,0
223,18,103,215,225,37,98,120,50,7,15,1,0
223,20,104,198,211,40,100,121,50,9,15,1,0
224,18,104,199,194,39,100,120,49,8,18,1,0
208,3,87,182,178,42,101,122,51,10,18,1,0
209,3,88,183,161,41,101,122,51,8,18,1,0
209,2,89,165,146,42,103,120,50,8,20,1,0
208,2,73,165,115,45,102,122,51,10,20,1,0
207,244,71,150,99,44,102,123,51,10,23,1,0
191,242,72,150,84,46,104,121,51,9,22,1,0
191,242,57,118,66,46,105,124,52,11,25,1,0
192,242,55,120,50,49,103,123,53,10,25,0,0
192,226,57,102,36,50,104,124,52,10,23,0,0
193,228,39,103,20,49,106,124,52,11,23,0,0
176,228,40,88,2,52,106,124,54,11,24,0,0
176,227,40,87,242,51,107,125,53,12,24,0,0
177,210,23,70,227,54,106,125,55,10,24,0,0
177,212,24,72,211,53,108,126,55,11,24,0,0
175,210,25,55,196,55,107,126,55,10,23,0,0
159,210,9,54,180,56,107,127,53,11,24,0,0
161,196,9,38,163,56,110,126,56,11,24,0,0
160,196,8,40,148,58,110,127,56,13,24,0,0
159,196,247,24,115,60,111,126,55,11,23,0,0
159,194,249,23,99,59,109,126,54,12,23,0,0
144,178,247,6,85,61,110,128,57,13,24,1,0
145,179,232,8,68,63,110,128,55,13,26,1,0
143,178,233,248,52,62,113,127,56,13,27,1,0
143,180,232,247,37,64,112,129,57,12,27,1,0
144,162,217,231,20,65,113,128,56,14,28,1,0
112,163,215,231,3,65,112,130,57,13,30,1,0
112,164,217,214,243,67,115,129,57,13,31,1,0
112,163,199,216,227,68,113,129,57,13,33,1,0
113,148,200,200,212,68,116,131,57,15,34,1,0
114,148,201,198,195,70,116,129,57,13,33,1,0
97,146,184,184,180,72,116,132,59,15,36,1,0
97,146,183,184,165,73,117,130,59,15,35,1,0
98,116,183,167,148,74,118,132,60,15,36,1,0
97,115,168,167,116,73,116,132,58,16,39,1,0
97,116,167,152,101,75,118,133,59,15,40,1,0
80,115,167,152,84,75,119,132,58,15,39,1,0
82,100,151,120,70,78,119,133,61,16,41,1,0
82,99,153,119,54,79,118,134,60,15,43,1,0
80,101,151,103,37,78,121,133,60,17,43,1,0
82,99,120,104,20,79,119,134,60,16,45,1,0
64,84,122,87,6,81,122,135,62,16,46,1,0
66,84,120,87,245,81,121,134,62,16,46,1,0
66,85,106,71,228,83,122,136,60,18,46,1,0
64,83,105,73,212,83,122,134,60,18,49,1,0
65,67,105,57,198,86,123,134,62,18,48,1,0
49,69,89,57,182,85,123,136,62,19,51,1,0
50,68,88,40,165,86,124,135,62,19,50,1,0
50,67,88,41,149,89,123,136,63,19,52,1,0
49,51,72,25,119,90,124,137,62,18,52,1,0
48,53,73,25,101,91,124,136,63,17,53,1,0
34,53,72,8,85,91,126,137,62,20,55,1,0
33,52,56,9,69,93,127,138,64,20,55,1,0
34,37,57,248,53,93,126,137,63,18,56,1,0
33,36,57,247,37,95,127,137,64,20,57,1,0
34,36,40,232,22,95,128,140,65,18,59,1,0
16,35,42,233,5,95,127,139,64,20,60,1,0
18,21,41,217,245,98,128,138,66,19,62,1,0
16,20,24,217,229,99,129,141,66,20,63,1,0
18,20,24,201,215,100,129,140,64,19,63,1,0
18,21,26,201,197,101,129,139,66,19,65,1,0
1,3,8,184,182,102,130,141,67,22,64,1,0
2,5,10,185,165,101,130,141,66,20,66,1,0
1,3,10,168,149,102,131,141,65,21,67,1,0
1,3,249,168,119,105,131,143,67,20,69,1,0
1,244,250,151,103,105,134,141,66,21,68,1,0
240,245,249,151,86,107,133,141,68,23,70,1,0
240,244,234,122,71,108,135,142,67,22,72,1,0
241,244,233,120,55,108,133,142,68,21,73,1,0
240,229,232,105,38,108,134,143,69,22,74,1,0
242,228,218,106,22,109,135,144,69,21,74,1,0
224,227,216,88,7,110,137,145,67,23,76,1,0
224,229,216,90,246,113,136,144,68,23,77,1,0
225,212,200,73,232,114,137,144,68,22,76,1,0
224,211,202,72,214,113,136,145,70,24,78,1,0
224,212,201,58,198,114,139,146,68,23,79,1,0
208,211,185,57,184,116,138,147,69,23,79,1,0
210,196,186,42,168,116,139,147,69,23,81,1,0
210,197,185,40,152,118,139,146,69,23,83,1,0
209,196,170,24,119,118,141,146,69,25,84,1,0
210,196,170,25,103,120,140,146,69,24,84,1,0
194,180,169,9,87,120,142,147,72,25,86,1,0
194,181,154,10,73,121,140,148,70,25,85,1,0
194,181,153,249,56,124,142,149,71,24,88,1,0
192,181,152,248,41,124,142,148,70,25,88,1,0
192,164,122,233,24,126,143,150,71,24,90,1,0
178,165,122,233,7,127,142,150,72,26,91,1,0
178,165,123,217,247,127,145,149,71,27,90,1,0
177,164,107,217,233,129,144,150,71,25,91,1,0
177,147,107,201,216,130,144,149,73,27,94,1,0
177,147,106,202,199,129,144,149,73,26,95,1,0
160,147,91,184,185,130,145,151,74,26,95,1,0
162,149,89,185,167,131,147,150,72,27,97,1,0
161,118,91,170,153,132,147,151,75,28,98,1,0
162,118,74,168,121,133,148,153,74,27,98,1,0
162,116,75,152,105,134,148,153,73,28,99,1,0
146,118,75,152,88,135,147,153,73,29,99,1,0
145,101,59,121,73,137,149,152,74,29,101,1,0
145,102,59,122,56,139,149,153,75,28,102,1,0
144,102,57,106,40,138,150,152,74,28,103,1,0
146,101,41,106,24,140,149,155,74,28,103,1,0
113,84,42,89,10,140,151,153,77,28,104,1,0
115,85,42,89,248,143,151,155,76,29,106,1,0
115,85,26,74,233,144,152,154,75,29,106,1,0
114,85,27,75,217,143,152,155,76,29,109,1,0
115,69,25,59,200,144,153,154,77,29,110,1,0
98,68,10,57,185,146,152,156,78,31,109,1,0
98,69,10,43,168,148,154,156,76,30,111,1,0
98,69,11,43,152,147,154,156,78,31,112,1,0
97,52,250,27,122,150,155,157,79,29,112,1,0
99,53,250,26,107,149,156,156,79,30,113,1,0
83,53,249,11,91,150,155,156,78,31,115,1,0
81,53,233,11,73,153,155,159,79,32,115,1,0
82,37,233,251,58,153,157,157,79,30,118,1,0
83,37,235,249,42,155,157,157,79,30,118,1,0
83,38,217,234,27,156,158,160,78,30,119,1,0
65,38,217,235,10,155,158,158,78,32,120,1,0
67,21,217,217,249,156,159,158,79,32,121,1,0
66,22,96,218,234,158,159,0,81,33,122,1,0
65,21,95,95,217,159,0,1,79,31,123,1,0
66,20,97,96,97,-1,1,-1,80,32,123,1,0
50,6,79,81,80,2,2,0,81,34,124,1,0
51,4,80,79,64,2,1,2,82,34,125,1,0
51,5,79,64,48,4,1,2,80,33,126,1,0
49,4,64,63,33,3,3,3,81,33,129,1,0
51,246,64,48,15,5,4,1,83,33,129,1,0
35,244,63,49,0,6,2,3,82,33,129,1,0
35,245,47,31,239,6,4,4,81,34,131,1,0
35,246,49,31,225,9,5,3,83,35,133,1,0
35,230,47,15,209,8,5,2,83,35,134,1,0
34,230,31,17,192,9,5,3,84,33,133,1,0
19,228,31,1,175,12,6,5,83,36,136,1,0
19,230,33,1,161,12,6,5,83,34,136,1,0
18,212,15,240,144,12,7,6,84,35,136,1,0
19,213,15,240,113,13,8,4,83,36,137,1,0
17,214,17,224,96,15,9,5,84,35,140,1,0
2,212,0,223,81,15,9,5,83,36,139,1,0
2,196,0,208,66,18,10,5,86,36,142,1,0
1,198,0,209,48,17,8,6,84,35,142,1,0
2,197,240,193,32,20,9,8,86,37,144,1,0
2,197,241,191,17,21,10,8,84,36,145,1,0
242,180,241,177,2,21,12,6,86,37,146,1,0
241,180,225,177,241,23,10,7,86,37,146,1,0
241,180,223,160,225,22,12,9,85,36,146,1,0
241,182,223,161,210,24,11,7,85,36,148,1,0
241,164,207,145,193,24,12,8,88,38,148,1,0
225,164,209,144,177,27,14,10,88,37,151,1,0
226,164,208,114,161,28,14,10,86,38,152,1,0
225,166,192,113,144,29,13,11,86,38,151,1,0
227,149,193,97,113,29,15,10,87,39,153,1,0
227,148,191,97,99,31,16,10,87,39,153,1,0
210,148,177,81,83,32,16,11,87,39,156,1,0
211,148,176,81,66,33,17,12,89,40,155,1,0
211,118,175,66,50,33,18,11,88,39,156,1,0
211,119,161,65,34,34,17,11,89,40,157,1,0
211,118,161,50,17,36,18,11,88,40,158,1,0
193,118,160,50,2,35,17,13,88,39,161,1,0
193,102,144,34,242,37,19,13,91,40,162,1,0
195,101,143,34,225,38,18,14,91,40,162,1,0
193,102,145,17,210,39,21,13,90,41,162,1,0
195,103,114,17,193,39,20,15,91,40,164,1,0
177,85,114,2,179,41,21,13,92,42,165,1,0
179,85,112,1,161,43,22,13,92,42,165,1,0
177,86,98,240,145,43,22,15,92,42,166,1,0
178,86,98,240,114,43,21,14,91,40,167,1,0
179,70,97,225,99,46,23,14,93,41,170,1,0
162,71,82,224,82,47,22,15,93,41,170,1,0
163,70,82,210,66,48,24,15,93,41,172,1,0
162,70,80,209,52,49,24,16,92,41,172,1,0
163,54,66,194,36,50,26,16,93,42,174,1,0
161,53,66,194,19,49,26,18,92,43,173,1,0
146,53,64,176,3,52,25,18,92,42,174,1,0
145,55,48,178,243,52,25,17,94,42,175,1,0
146,37,50,162,226,53,26,19,95,44,178,1,0
145,39,50,160,210,55,27,18,93,44,5,1,0
146,39,34,144,194,56,29,19,93,44,7,1,0
114,38,34,146,178,57,28,20,95,43,7,1,0
115,22,32,113,162,57,29,20,94,43,5,1,0
114,22,16,113,147,59,28,20,95,45,5,1,0
115,22,16,98,116,60,30,20,94,45,7,0,0
114,22,16,99,101,60,29,19,95,44,6,0,0
100,7,0,82,83,61,30,22,97,46,6,0,0
100,6,2,81,69,62,30,22,96,45,5,0,0
99,5,2,67,53,62,31,21,97,46,5,0,0
100,6,241,66,37,64,31,22,95,44,5,0,0
100,245,242,49,19,66,34,22,98,44,5,0,0
82,245,242,49,4,66,34,22,97,45,5,0,0
82,246,226,34,245,67,34,24,98,46,5,0,0
84,247,224,35,228,69,35,24,98,45,5,0,0
84,230,225,17,213,68,36,24,97,47,5,0,0
82,231,208,17,196,71,34,23,99,45,5,0,0
67,229,210,1,179,72,35,23,97,48,6,0,0
68,229,209,1,165,71,36,25,98,46,6,0,0
67,214,192,243,149,73,38,26,99,46,7,0,0
67,214,194,241,117,73,37,25,98,47,7,0,0
67,215,194,227,101,76,38,25,98,46,5,0,0
51,213,178,227,86,77,38,25,99,49,6,0,0
52,198,177,209,68,76,38,26,100,47,6,0,0
50,197,176,209,53,79,39,27,99,47,7,0,0
52,197,162,194,38,78,40,28,101,48,6,0,0
51,198,162,193,20,80,40,27,99,48,6,0,0
34,181,162,179,6,80,40,28,102,48,5,0,0
36,183,146,179,245,83,42,27,101,48,5,0,0
34,182,144,161,230,83,41,29,100,49,7,0,0
34,182,145,161,214,83,41,27,101,48,7,0,0
35,165,115,146,196,86,42,29,103,49,5,0,0
18,166,115,147,182,87,44,28,102,49,5,0,0
18,166,115,116,166,86,43,28,103,51,6,0,0
20,167,98,116,150,87,45,30,101,49,5,0,0
19,149,99,98,118,89,44,30,103,49,5,0,0
19,151,97,99,101,90,45,30,104,50,5,0,0
3,150,83,83,85,91,47,31,103,51,7,0,0
4,150,81,83,71,93,45,30,104,51,5,0,0
2,118,82,67,54,94,46,32,105,52,6,0,0
4,119,67,66,38,94,46,33,103,50,6,0,0
3,120,66,50,23,96,48,31,105,51,5,0,0
243,119,67,51,7,95,48,33,104,52,5,0,0
243,102,51,34,245,97,49,33,104,51,5,0,0
244,103,51,35,229,97,50,32,105,51,6,0,0
242,104,49,18,214,98,51,32,105,52,5,0,0
242,103,34,20,197,99,50,34,104,51,7,0,0
226,88,34,2,182,101,51,35,107,54,7,0,0
226,86,34,4,165,102,50,34,107,54,5,0,0
227,88,18,243,149,102,52,35,105,54,6,0,0
227,86,19,244,120,105,53,35,107,52,7,0,0
227,70,19,226,102,105,54,34,108,52,5,0,0
211,71,1,227,86,106,53,35,106,53,6,1,0
212,70,3,210,70,107,55,36,107,53,8,1,0
211,70,3,212,54,107,55,36,106,53,8,1,0
210,56,241,194,40,109,54,36,109,54,9,1,0
212,56,242,194,23,111,56,38,108,54,10,1,0
195,55,241,179,7,111,57,38,108,54,13,1,0
196,55,227,179,246,113,55,39,109,56,13,1,0
195,40,225,163,232,114,56,38,108,56,15,1,0
194,39,225,164,214,113,57,37,108,55,14,1,0
196,40,209,147,200,116,58,39,108,54,16,1,0
178,40,210,146,182,117,57,40,110,56,16,1,0
178,23,210,116,166,117,59,39,110,56,17,1,0
180,22,193,116,150,119,60,39,109,57,18,1,0
178,22,193,101,120,118,61,41,110,55,20,1,0
180,23,194,101,104,121,60,41,109,56,21,1,0
163,6,178,83,87,121,62,40,110,58,22,1,0
163,8,179,85,73,121,61,40,111,57,23,1,0
162,7,179,67,57,122,62,41,111,56,25,1,0
162,7,163,68,40,123,63,42,112,57,24,1,0
164,247,161,51,25,124,64,41,111,56,27,1,0
146,247,163,51,7,125,64,41,111,59,28,1,0
146,248,145,36,248,127,63,42,111,57,28,1,0
146,246,146,37,231,129,65,42,113,59,30,1,0
148,231,147,21,216,129,65,44,112,58,30,1,0
148,232,114,19,199,131,64,44,112,58,32,1,0
116,231,114,5,183,131,66,45,114,58,32,1,0
117,230,114,3,168,133,66,43,113,58,32,1,0
117,215,98,244,153,132,66,45,115,60,35,1,0
115,215,98,245,120,133,67,45,115,59,34,1,0
115,216,99,227,105,136,68,46,114,59,36,1,0
101,215,83,229,90,135,68,46,113,61,37,1,0
99,198,83,211,73,137,68,45,115,60,37,1,0
99,199,83,212,56,138,70,47,114,60,39,1,0
100,199,66,197,40,140,71,47,114,59,40,1,0
99,198,66,197,26,140,69,46,116,60,40,0,1
83,182,68,181,10,142,72,48,116,61,38,0,1
85,182,51,181,248,141,70,47,116,61,38,0,1
83,182,51,164,233,144,72,47,116,62,35,0,1
85,184,51,165,218,144,73,49,117,61,36,0,1
84,167,34,149,200,144,73,49,118,61,35,0,1
68,166,35,148,185,146,72,49,116,61,33,0,1
69,167,35,116,168,146,75,50,117,62,35,1,0
69,166,18,116,152,148,73,51,117,63,34,1,0
67,151,20,102,123,149,74,49,119,63,36,1,0
69,150,20,102,105,149,74,51,117,61,36,1,0
51,151,2,85,91,150,76,51,118,63,37,1,0
51,150,2,86,75,151,77,51,119,63,39,0,0
53,121,4,70,57,154,78,51,118,64,39,0,0
52,121,243,70,41,153,76,52,118,64,39,0,0
51,121,244,53,26,155,78,52,119,63,38,0,0
36,120,243,53,10,157,79,53,120,63,38,0,0
36,103,228,38,250,157,80,52,120,64,40,1,0
36,103,228,36,234,157,79,54,120,63,40,1,0
35,105,227,21,218,159,79,52,121,65,41,1,0
37,105,212,20,96,-1,80,53,121,65,41,1,0
21,89,211,6,80,2,81,53,121,64,44,1,0
19,88,212,5,65,1,81,55,121,64,44,1,0
19,88,195,244,47,3,82,54,122,64,45,1,0
20,88,194,245,31,3,82,54,121,65,47,1,0
20,72,196,229,17,5,84,55,122,64,48,1,0
5,72,178,229,-1,6,82,55,121,65,48,1,0
3,72,178,214,241,6,83,57,121,67,48,1,0
3,71,178,214,223,8,83,55,123,65,51,1,0
5,57,164,197,207,9,85,56,122,65,50,1,0
3,57,162,198,193,11,84,57,124,65,53,1,0
243,57,162,182,176,10,87,58,123,68,54,1,0
244,56,147,180,159,12,86,57,124,68,53,1,0
243,40,148,166,144,13,86,58,123,67,56,1,0
243,40,147,165,113,13,86,57,123,66,57,1,0
244,39,117,148,98,14,88,60,123,67,56,1,0
227,40,115,150,82,17,89,58,124,67,59,1,0
229,23,115,118,65,17,90,59,125,68,60,1,0
229,25,100,119,48,18,89,61,124,69,60,1,0
227,25,99,103,34,20,91,60,125,69,61,1,0
229,23,101,102,16,21,91,60,126,68,62,1,0
212,9,85,85,1,22,90,60,125,69,64,1,0
212,7,83,85,240,22,92,60,125,69,64,1,0
213,7,83,71,225,23,92,60,125,68,62,0,1
211,8,68,71,209,23,91,61,125,69,64,1,0
211,249,69,54,193,24,93,62,128,70,66,1,0
197,249,67,55,177,27,94,63,128,69,65,1,0
197,249,53,39,162,28,95,64,126,70,67,1,0
197,249,51,37,146,29,93,64,128,69,68,1,0
195,233,51,23,113,30,96,62,129,71,69,1,0
197,232,36,22,97,29,96,64,129,71,71,1,0
179,231,37,7,82,31,97,64,127,70,71,0,0
180,233,37,6,67,33,97,64,128,71,69,0,0
179,215,21,246,51,33,97,66,128,72,69,0,0
179,217,20,247,35,34,96,66,128,72,71,0,0
179,215,19,229,19,36,99,65,128,72,70,0,0
165,215,4,229,3,36,99,66,130,73,70,0,0
164,201,4,215,243,36,98,67,129,71,71,0,0
163,200,3,213,225,38,98,65,129,73,70,0,0
164,201,244,197,211,38,101,68,130,72,70,0,0
165,199,244,197,195,39,100,68,129,72,69,0,0
147,185,243,183,179,41,102,68,130,73,69,0,0
149,185,229,183,162,42,102,67,130,74,71,0,0
149,184,228,165,147,42,102,68,131,74,71,0,0
149,185,228,167,115,45,103,67,132,74,69,0,0
149,168,212,150,99,44,104,70,133,74,69,0,0
116,169,211,150,83,47,102,69,132,74,70,0,0
117,167,213,118,66,46,105,70,131,74,70,0,0
116,167,195,118,51,49,103,69,131,74,69,0,0
116,153,195,104,35,50,105,71,132,73,71,0,0
118,151,195,103,18,51,105,71,132,75,69,0,0
101,151,181,87,2,50,106,72,132,76,69,0,0
101,151,180,86,244,51,105,72,132,75,71,0,0
100,120,181,70,228,53,107,72,135,75,71,0,0
101,122,164,71,212,53,106,73,133,76,71,0,0
101,120,164,56,195,54,107,71,133,75,69,0,0
84,121,163,54,178,55,107,72,135,75,70,0,0
85,105,148,40,164,57,110,74,134,77,69,0,0
84,105,148,39,148,57,110,72,135,75,69,0,0
85,104,148,24,116,58,111,73,135,75,69,0,0
84,104,117,23,99,60,111,75,135,77,71,1,0
68,89,117,6,84,60,112,74,135,77,70,0,0
69,89,117,7,68,61,110,75,136,76,70,0,0
70,90,101,246,53,63,113,76,135,76,70,0,0
70,89,102,248,35,64,111,76,136,78,71,0,0
68,72,102,231,20,66,114,74,138,76,72,0,0
53,73,86,230,4,67,113,77,136,77,70,0,0
53,72,85,214,243,67,115,77,136,79,70,0,0
54,73,86,216,227,69,113,76,136,78,70,0,0
54,58,70,200,211,69,115,77,138,79,71,0,0
52,58,70,199,196,71,115,77,137,78,72,0,0
38,58,68,182,181,70,115,76,138,80,70,0,0
36,56,53,184,164,73,115,78,138,79,70,0,0
37,40,54,166,147,73,117,79,138,80,71,0,0
37,42,52,167,118,75,118,79,138,78,72,0,0
38,42,37,152,100,76,119,80,138,78,70,0,0
22,42,36,150,84,76,118,80,138,80,71,0,0
21,24,37,120,68,77,120,79,139,81,71,0,0
22,26,22,121,54,79,118,81,141,79,71,0,0
21,26,20,103,36,80,119,81,141,81,70,0,0
21,24,21,105,21,81,120,79,140,80,70,0,0
4,8,6,87,4,80,120,81,141,82,70,0,0
6,10,5,87,246,82,120,82,142,81,70,0,0
4,9,6,73,228,82,122,81,141,82,71,0,0
5,8,244,72,213,84,121,82,142,80,70,0,0
5,249,244,55,197,84,124,83,143,82,71,0,0
245,248,245,57,181,87,123,82,142,83,72,0,0
246,249,229,40,166,88,123,82,141,83,71,0,0
246,248,230,41,150,87,125,82,142,83,70,0,0
244,233,230,23,119,89,126,84,143,82,71,0,0
246,234,213,25,101,91,124,83,143,83,70,0,0
229,232,212,8,87,90,125,84,143,83,71,0,0
228,233,212,9,70,92,126,85,144,82,70,0,0
229,216,196,248,55,92,126,85,144,83,72,0,0
228,216,198,248,38,94,126,84,145,83,71,0,0
229,217,196,233,23,95,129,85,144,84,72,0,0
213,217,181,231,6,96,128,85,143,84,70,0,0
212,201,182,217,246,98,130,87,146,83,72,0,0
214,200,181,215,230,99,130,86,146,84,72,0,0
213,202,165,201,213,99,129,86,144,83,71,0,0
214,202,164,199,197,99,131,86,146,85,72,0,0
198,185,164,185,181,101,132,88,146,85,71,0,0
198,184,148,183,165,101,130,89,147,85,72,0,0
196,185,150,167,150,103,132,87,145,85,71,0,0
197,184,148,167,118,105,132,88,146,85,72,0,0
197,169,118,153,104,104,134,88,146,84,72,0,0
180,169,117,152,88,106,134,88,146,86,73,1,0
181,169,119,120,70,107,135,89,146,86,74,1,0
182,169,103,120,54,107,134,90,146,86,73,1,0
180,152,101,106,38,110,134,90,148,86,74,1,0
181,154,101,106,24,110,134,89,148,85,75,1,0
166,152,86,88,7,110,136,90,147,88,77,1,0
164,153,87,88,248,111,136,90,147,88,78,1,0
165,122,85,74,230,113,138,90,149,87,79,1,0
164,122,70,72,214,115,137,91,150,88,81,1,0
165,121,71,58,199,114,137,93,149,88,81,1,0
150,123,70,57,183,117,137,91,149,87,81,1,0
148,106,53,42,166,116,139,92,150,88,82,1,0
148,105,55,40,150,118,138,92,149,89,83,1,0
149,106,54,25,121,120,139,92,151,88,84,1,0
148,106,37,26,104,119,139,95,150,87,85,1,0
118,90,38,10,88,122,140,95,152,90,86,1,0
117,90,37,8,73,122,140,94,151,89,89,1,0
118,89,22,248,55,122,142,95,150,90,88,1,0
119,89,23,250,39,125,142,94,152,90,90,1,0
118,74,22,234,24,126,142,94,151,90,91,1,0
102,75,6,232,8,125,143,95,152,90,92,1,0
102,73,7,216,249,128,143,97,153,90,92,1,0
101,74,7,217,233,127,145,97,152,90,94,1,0
102,59,245,202,216,130,144,96,152,91,96,1,0
103,59,246,202,200,130,146,96,154,91,97,1,0
85,58,246,185,184,130,147,96,152,91,98,1,0
85,58,230,186,169,131,145,99,154,90,99,1,0
86,43,229,169,153,134,147,99,154,91,99,1,0
85,43,229,170,120,133,146,98,153,90,99,1,0
87,42,214,154,106,134,149,100,155,91,100,1,0
70,43,215,152,89,137,149,100,155,91,101,1,0
71,27,213,121,74,138,149,99,154,91,102,1,0
70,25,199,123,56,139,150,101,154,92,104,1,0
70,27,197,105,41,138,149,99,154,93,106,1,0
70,25,197,105,26,141,150,99,156,91,107,1,0
55,11,183,91,8,142,150,101,157,93,107,1,0
55,11,181,89,248,141,151,100,156,94,109,1,0
54,9,182,74,233,144,152,100,156,92,110,1,0
55,9,167,74,216,144,152,103,155,93,108,0,0
53,250,166,58,201,145,154,101,156,93,109,1,0
39,251,165,59,184,146,152,102,157,93,111,1,0
38,249,149,41,169,146,154,102,156,94,111,1,0
38,251,150,42,154,148,155,102,156,95,112,1,0
38,235,150,27,121,150,154,103,159,95,114,1,0
37,233,118,25,106,150,155,103,158,93,114,1,0
23,235,118,10,91,150,156,105,159,94,116,1,0
21,235,119,10,74,151,155,104,158,95,118,1,0
21,218,103,250,57,154,156,106,158,94,117,0,0
22,218,103,251,42,153,157,105,160,96,118,0,0
23,217,102,235,26,155,159,106,159,96,117,0,0
6,217,88,233,10,157,158,106,158,97,118,0,0
5,97,86,218,249,156,159,105,1,95,117,0,0
5,95,86,219,235,157,159,106,1,97,118,0,0
7,95,70,96,219,159,0,108,0,97,117,0,0
7,96,70,97,97,0,1,106,-1,97,116,0,0
245,79,70,81,80,2,1,107,2,96,118,0,0
247,81,55,80,63,3,0,107,0,98,118,0,0
246,79,55,63,47,4,2,107,0,98,117,0,0
246,80,54,64,33,5,1,107,1,98,118,0,0
246,64,39,47,16,6,3,110,2,96,118,0,0
229,63,40,49,1,5,2,109,2,99,116,0,0
230,63,38,31,239,7,3,108,2,98,118,0,0
229,64,22,33,225,7,4,109,3,99,116,0,0
229,49,24,16,207,10,5,111,4,99,118,0,0
231,48,22,16,192,9,5,109,2,98,118,0,0
215,49,8,1,176,10,5,111,3,98,116,0,0
215,48,6,0,161,11,6,110,4,99,118,0,0
215,31,7,240,145,14,8,111,4,100,116,0,0
213,33,248,240,112,14,6,111,4,100,118,0,0
213,32,246,223,98,15,8,111,4,99,117,0,0
199,31,246,224,80,17,7,113,3,99,118,0,0
197,17,232,208,64,16,9,114,5,101,117,0,0
198,17,230,207,48,17,9,112,6,100,116,0,0
197,17,231,193,34,19,10,112,5,100,116,0,0
199,15,214,193,17,19,9,113,5,101,116,0,0
182,1,216,175,1,22,10,115,5,101,118,0,0
183,1,216,176,240,21,12,114,6,101,117,0,0
183,1,198,159,226,23,13,114,7,101,116,0,0
183,1,200,160,210,25,12,116,7,101,117,0,0
182,241,199,145,194,26,14,115,8,101,117,0,0
167,240,183,144,177,27,13,116,8,101,116,0,0
166,241,183,114,161,26,14,115,7,101,118,0,0
165,240,184,114,144,29,15,117,6,103,117,0,0
167,224,167,97,115,30,15,116,9,101,118,0,0
166,225,166,97,98,29,14,118,8,101,117,0,0
150,224,167,80,81,31,16,116,9,102,117,0,0
149,223,151,80,66,32,15,119,8,103,118,0,0
149,208,151,65,50,33,18,117,10,103,118,0,0
150,209,152,64,33,33,16,119,10,103,118,0,0
151,209,120,48,17,34,17,120,8,102,116,0,0
118,209,119,49,3,35,19,119,10,103,117,0,0
120,192,121,32,243,38,18,119,11,105,116,0,0
119,191,104,34,225,38,19,120,10,104,117,0,0
120,193,104,18,210,38,21,119,10,105,118,0,0
119,193,104,17,193,39,19,119,11,105,117,0,0
102,177,89,1,177,42,21,122,11,104,118,1,0
104,176,88,0,161,43,22,120,11,105,119,1,0
102,177,89,240,146,42,23,121,11,104,119,1,0
103,177,72,240,114,43,22,123,10,105,120,1,0
104,161,72,225,100,44,22,121,13,104,121,1,0
87,159,73,225,83,46,22,122,13,107,123,1,0
87,159,55,210,66,48,25,124,11,106,125,1,0
88,159,56,210,50,49,24,122,11,105,126,1,0
87,145,55,194,34,50,26,122,12,105,125,1,0
86,143,39,192,18,49,24,123,12,105,126,1,0
72,143,40,177,2,52,27,124,14,106,127,1,0
72,143,39,177,242,52,25,124,14,107,130,1,0
70,114,23,161,226,52,27,125,13,106,131,1,0
72,114,25,160,212,53,28,124,14,106,131,1,0
70,114,25,145,196,54,27,125,13,108,132,1,0
54,112,8,145,180,55,29,125,13,109,132,1,0
54,98,9,114,164,56,30,127,15,109,135,1,0
55,97,9,115,148,57,28,126,15,108,136,1,0
55,98,249,98,116,60,31,127,14,109,136,1,0
54,96,248,98,99,60,29,126,14,109,138,1,0
39,81,249,82,85,61,31,126,16,108,137,1,0
39,82,233,82,68,62,32,128,15,110,139,1,0
39,81,233,66,53,62,33,128,17,108,139,1,0
40,80,233,66,37,63,31,129,15,109,141,1,0
38,64,215,50,21,65,34,128,16,109,142,1,0
24,64,215,49,3,67,32,129,18,109,143,1,0
24,66,216,33,245,66,34,129,18,111,145,1,0
22,65,201,34,227,69,35,129,18,111,144,1,0
24,48,200,17,212,68,34,131,19,109,146,1,0
23,49,201,18,195,69,36,131,17,111,146,1,0
6,50,185,3,180,70,36,131,17,112,148,1,0
6,48,184,1,163,72,37,131,19,111,148,1,0
8,32,183,242,147,72,37,130,18,111,150,0,0
6,33,168,241,116,75,38,131,20,112,148,0,0
6,32,168,226,100,76,38,133,20,112,148,0,0
246,32,168,225,85,76,39,131,19,113,150,0,0
248,17,153,211,68,76,40,132,20,113,148,0,0
248,17,152,211,53,78,40,132,20,111,148,0,0
248,16,152,194,38,79,39,132,20,111,149,0,0
247,18,121,195,22,81,39,135,19,112,149,0,0
231,1,122,177,4,80,42,134,20,112,148,0,0
231,2,120,178,246,81,40,135,21,113,150,0,0
230,1,106,163,228,84,41,135,21,114,150,0,0
231,0,104,162,212,83,42,134,20,112,148,0,0
230,242,106,146,196,86,42,136,21,113,149,0,0
216,241,89,147,182,85,42,137,21,115,148,0,0
214,240,88,114,166,88,44,136,23,115,148,0,0
214,240,89,114,149,88,43,135,21,113,150,0,0
216,224,74,98,119,90,44,137,24,114,150,0,0
216,224,74,100,102,89,46,136,24,113,149,0,0
199,224,72,82,86,90,45,138,22,114,150,0,0
198,224,57,84,70,92,47,137,23,114,149,0,0
198,210,58,68,55,93,47,139,25,116,148,0,0
198,208,58,68,38,94,46,137,24,115,149,0,0
199,209,40,52,22,95,47,139,25,114,149,0,0
184,210,41,50,6,96,48,140,25,117,150,0,0
183,193,40,34,247,97,50,139,24,115,150,0,0
182,192,25,36,229,97,50,140,26,116,150,0,0
183,192,25,20,215,98,51,140,26,116,148,0,0
183,194,26,20,198,99,51,141,24,115,150,0,0
168,178,8,4,182,102,52,141,26,116,149,0,0
166,177,8,2,166,103,51,142,27,118,149,0,0
168,178,10,242,151,104,52,140,27,117,148,0,0
168,177,250,244,119,103,52,143,27,118,149,0,0
166,160,250,226,104,106,52,143,26,116,149,0,0
151,160,249,227,88,107,53,142,26,118,148,0,0
152,161,234,211,70,108,54,144,27,117,148,0,0
150,160,232,210,55,109,55,143,27,118,148,0,0
150,146,232,196,39,110,54,142,27,118,150,0,0
152,144,218,196,23,109,54,144,28,119,150,0,0
121,144,217,179,8,110,55,144,27,119,149,0,0
120,145,216,179,246,112,56,144,28,119,149,0,0
120,114,200,164,230,112,57,146,30,119,148,0,0
120,113,201,164,215,115,56,144,28,120,150,0,0
121,113,202,146,200,115,58,145,30,118,148,0,0
104,115,184,147,183,115,58,145,28,120,149,0,0
104,98,184,116,167,116,60,146,29,120,150,0,0
103,97,186,116,151,117,60,147,29,120,148,0,0
104,99,170,100,120,118,61,148,30,119,148,0,0
104,99,168,101,105,121,59,147,30,119,149,0,0
88,81,168,83,87,120,61,147,31,120,149,0,0
88,82,152,84,71,122,60,149,32,122,149,0,0
89,83,152,68,57,124,62,148,30,122,150,0,0
88,83,154,67,41,124,62,149,30,122,148,0,0
88,66,123,53,25,125,64,149,31,122,149,0,0
72,66,122,52,7,125,64,150,33,123,148,0,0
73,67,123,36,247,128,64,149,33,123,149,1,0
73,65,105,35,233,128,64,150,31,121,150,1,0
73,51,105,21,217,129,66,150,34,122,152,1,0
73,51,105,20,200,130,64,150,33,121,153,1,0
56,50,90,4,183,131,67,151,33,123,154,1,0
55,50,90,5,167,131,67,151,34,123,155,1,0
57,35,91,243,151,132,68,151,35,124,155,1,0
56,33,74,245,120,134,67,153,35,124,156,1,0
55,35,74,228,105,134,67,153,34,122,159,1,0
40,34,75,228,88,136,68,151,35,123,159,1,0
40,19,58,213,73,136,70,153,35,123,160,1,0
41,18,59,213,58,139,69,152,35,125,161,1,0
41,19,57,196,41,138,70,153,36,125,163,1,0
39,17,42,197,24,140,69,153,36,124,162,1,0
23,1,41,181,8,141,72,155,35,125,164,1,0
23,1,41,181,249,143,71,154,37,126,165,1,0
25,3,27,163,232,142,71,156,36,124,167,1,0
24,2,25,163,216,143,73,156,37,126,168,1,0
23,243,26,147,201,146,72,155,38,126,168,1,0
8,243,10,149,185,145,73,156,37,126,170,1,0
8,242,11,118,169,148,75,157,38,127,170,1,0
7,241,9,117,153,149,73,156,36,127,172,1,0
7,225,249,101,122,149,76,158,38,127,172,1,0
8,226,249,102,106,151,75,158,38,127,174,1,0
248,225,250,85,90,150,76,156,39,127,173,1,0
249,225,235,85,73,152,75,159,37,128,176,1,0
248,211,234,68,57,152,78,159,38,127,177,1,0
248,211,234,70,42,155,77,157,38,127,177,1,0
249,209,219,54,25,156,77,158,40,127,7,1,0
232,209,217,53,9,155,79,160,39,129,6,1,0
233,194,217,38,250,158,78,158,39,127,6,1,0
231,195,95,37,233,157,79,1,40,129,5,1,0
233,195,96,20,219,158,80,0,41,129,6,1,0
231,194,95,20,96,0,79,1,39,129,7,1,0
215,177,79,5,80,1,82,2,41,130,7,1,0
