1040
210,117,160,50,17,35,17,13,89,38,68,0,0
81,80,79,64,47,4,2,2,1,2,8,1,0
25,84,183,89,250,142,151,101,76,125,164,1,0
208,168,98,150,99,44,102,15,131,9,156,1,0
165,115,209,147,199,116,59,38,29,87,83,0,0
247,99,37,120,68,78,120,78,59,113,153,0,0
2,24,232,102,32,18,89,112,125,36,95,1,0
198,184,164,184,183,100,130,88,147,84,5,0,0
113,65,241,51,5,65,33,21,16,13,70,1,0
113,1,67,179,9,142,70,48,35,29,147,1,0
82,245,226,33,244,68,35,23,97,47,78,1,0
0,232,192,22,99,30,94,11,129,6,142,1,0
166,185,19,168,119,105,132,34,145,118,90,0,0
70,27,198,106,25,140,151,100,154,91,41,1,0
119,20,245,198,193,41,101,66,50,104,148,0,0
150,231,176,5,81,30,97,10,127,103,52,1,0
248,54,119,11,73,151,155,105,77,127,174,1,0
230,217,197,247,54,93,127,86,144,83,6,0,0
7,69,165,58,184,146,153,102,76,127,169,1,0
145,100,59,122,58,138,150,154,75,27,12,1,0
81,100,120,105,21,80,119,135,60,15,156,1,0
80,99,151,119,52,78,119,134,60,17,154,1,0
186,226,229,99,119,89,46,84,23,147,17,1,0
36,40,53,166,149,73,117,79,140,79,5,0,0
227,88,34,2,181,101,50,35,105,54,86,0,0
232,85,4,87,6,82,121,80,61,113,152,0,0
166,123,69,73,214,113,137,91,149,86,17,1,0
87,152,66,104,34,49,106,18,132,107,66,0,0
67,104,72,21,95,0,79,106,121,33,76,1,0
196,185,148,168,120,104,132,87,146,84,5,0,0
50,179,212,6,64,2,82,54,40,34,167,1,0
215,51,228,24,119,88,125,82,64,115,152,0,0
229,151,58,82,69,93,45,139,102,83,154,1,0
39,82,233,81,68,62,30,128,15,110,125,1,0
18,68,230,39,166,88,123,83,63,50,6,0,0
24,146,69,200,197,70,116,76,57,109,153,0,0
212,200,166,199,215,98,129,88,144,84,6,0,0
198,35,198,248,39,94,126,84,64,115,152,0,0
184,146,33,182,159,13,85,4,43,132,7,1,0
42,210,33,55,196,54,109,19,53,139,29,0,0
91,113,86,162,230,113,56,92,30,150,42,1,0
223,103,243,17,195,41,19,68,90,7,157,1,0
38,164,101,232,21,64,113,74,57,109,153,1,0
48,115,246,148,97,16,88,111,43,2,102,1,0
89,180,38,8,72,121,140,93,71,122,154,0,0
50,101,20,104,36,80,120,80,60,47,5,0,0
198,16,232,208,48,19,10,114,5,101,79,1,0
151,154,243,104,40,108,135,38,149,118,89,0,0
104,244,211,149,98,44,103,68,52,106,148,0,0
0,66,182,54,178,27,94,115,46,7,115,1,0
98,70,11,42,153,147,154,155,78,31,23,1,0
153,103,26,19,197,101,51,139,106,149,52,0,0
167,15,117,208,64,17,8,60,6,131,144,1,0
80,178,54,244,49,3,81,109,42,1,90,1,0
57,147,230,186,168,131,145,99,72,122,155,0,0
195,20,243,197,210,39,100,68,50,39,6,0,0
116,194,147,40,164,56,109,72,55,45,7,0,0
227,52,53,23,115,30,94,64,47,37,5,0,0
210,244,119,120,70,106,135,88,68,54,13,0,0
67,193,210,21,97,-1,81,55,41,33,166,1,0
82,16,161,194,37,80,39,28,20,16,85,1,0
162,53,64,192,19,50,26,18,92,41,67,0,0
87,89,178,8,87,121,142,42,151,122,90,1,0
16,118,181,51,7,95,48,87,105,19,13,1,0
145,39,49,161,212,55,26,19,95,44,68,0,0
245,71,63,229,17,4,82,1,121,96,28,1,0
214,201,164,201,198,99,131,86,146,84,6,0,0
36,40,54,166,116,75,116,79,138,80,5,0,0
195,223,192,96,115,28,15,11,8,70,64,1,0
75,197,194,40,150,118,140,41,70,151,82,0,0
70,152,50,86,242,51,105,19,132,108,68,0,0
198,99,99,102,18,21,89,59,46,100,141,1,0
5,9,4,73,230,82,122,80,142,82,6,0,0
180,22,193,100,120,120,60,41,110,56,84,0,0
113,86,25,74,232,143,152,154,75,28,18,1,0
41,17,59,197,41,138,71,153,35,125,166,1,0
31,213,116,223,82,16,9,59,83,5,132,1,0
244,167,89,114,149,89,44,135,102,83,152,1,0
100,90,232,247,52,64,113,128,136,44,138,1,0
42,247,121,37,247,126,65,148,112,154,79,1,0
232,193,96,22,218,158,79,-1,39,127,5,1,0
9,101,82,122,58,138,148,45,75,156,96,1,0
209,36,20,247,50,34,96,64,48,38,7,0,0
49,53,72,24,119,88,126,137,64,18,164,1,0
145,64,242,49,20,65,33,23,18,12,69,1,0
195,40,227,163,216,113,58,39,108,56,85,0,0
178,86,112,2,162,42,21,13,91,42,67,0,0
18,102,182,34,230,98,49,87,106,21,13,1,0
71,51,106,19,201,129,65,149,33,121,158,1,0
216,18,21,211,53,77,39,81,21,143,5,1,0
32,210,65,50,21,95,49,31,23,18,100,1,0
168,176,249,244,120,104,52,142,26,118,148,0,0
195,239,192,112,145,28,14,11,8,69,65,1,0
22,26,36,121,70,78,118,78,139,81,7,0,0
232,20,71,96,95,0,1,108,80,127,5,1,0
161,49,115,3,184,131,67,43,33,27,135,1,0
154,119,41,52,5,96,48,138,104,149,52,0,0
194,18,5,214,241,38,99,65,49,41,5,0,0
6,242,113,145,196,86,44,30,22,81,82,0,0
194,20,244,198,193,40,100,68,51,39,7,0,0
160,196,248,24,99,60,110,127,54,11,135,1,0
163,227,196,103,19,50,104,69,54,41,7,0,0
116,159,82,225,84,46,24,15,12,73,70,0,0
3,246,40,48,-1,5,3,109,81,65,70,1,0
195,123,201,72,232,113,138,146,148,54,6,1,0
18,193,51,35,230,97,50,33,25,20,104,1,0
143,162,216,230,20,65,112,130,58,12,139,1,0
159,121,33,56,179,55,109,18,134,12,167,1,0
114,195,118,23,101,59,111,75,54,45,5,0,0
200,165,106,146,196,86,42,136,102,146,54,0,0
74,4,97,166,114,45,103,14,52,138,21,0,0
244,118,65,50,6,96,49,31,105,51,86,0,0
144,82,1,82,85,61,30,21,15,12,65,1,0
6,2,145,162,214,84,42,28,21,82,84,0,0
239,52,168,5,82,31,97,118,48,6,120,1,0
197,87,9,2,182,101,50,140,105,86,164,1,0
10,101,67,105,40,140,150,47,75,155,95,1,0
163,248,161,52,23,124,63,42,112,56,84,0,0
168,120,56,66,53,92,47,139,105,146,53,0,0
115,22,17,115,146,57,30,19,95,43,68,1,0
245,250,229,41,164,86,124,84,143,83,5,0,0
6,96,72,95,96,1,0,108,1,96,63,1,0
226,5,148,168,149,102,132,87,66,52,12,0,0
6,148,53,184,164,73,117,79,58,112,151,0,0
216,179,80,4,64,2,81,1,41,129,6,1,0
68,115,52,166,148,74,116,78,60,46,7,0,0
179,86,98,240,147,42,23,15,90,41,67,0,0
200,183,120,177,244,81,41,135,101,146,53,0,0
54,184,42,180,10,140,72,155,115,94,6,1,0
170,120,56,66,37,95,47,137,103,146,53,0,0
25,97,147,115,148,57,28,74,15,140,5,1,0
209,185,98,167,116,43,102,14,130,10,154,1,0
197,176,34,2,166,101,52,33,26,84,82,0,0
73,212,209,56,182,116,137,40,68,153,82,0,0
102,112,50,161,227,52,26,18,14,75,71,0,0
227,25,99,117,48,17,88,60,126,67,137,1,0
87,167,81,120,67,48,103,16,131,106,67,0,0
51,101,38,120,69,76,119,79,61,49,5,0,0
101,247,122,51,9,126,63,148,113,90,7,1,0
50,198,160,193,36,78,40,26,101,48,86,0,0
38,32,193,242,149,72,37,24,18,78,84,0,0
197,24,1,117,64,17,88,5,125,100,38,1,0
59,165,163,232,24,125,144,43,71,153,82,0,0
226,113,225,163,232,113,58,38,28,24,119,1,0
197,176,33,4,182,100,52,34,25,86,83,0,0
7,234,20,25,107,151,156,50,158,126,119,1,0
114,245,85,50,3,65,32,77,96,15,6,1,0
214,240,89,115,149,89,44,136,23,113,148,0,0
33,120,196,51,21,94,47,85,104,19,10,1,0
101,144,64,176,4,50,25,16,13,76,70,0,0
166,186,35,185,181,101,132,33,147,118,90,0,0
217,177,79,244,47,4,83,2,41,128,5,1,0
185,53,98,25,118,90,126,29,63,147,64,1,0
83,229,226,19,211,69,35,24,97,45,79,1,0
243,104,49,18,214,99,49,33,105,53,85,0,0
72,226,180,87,4,52,106,70,54,107,147,0,0
59,179,177,249,55,124,142,41,70,152,82,0,0
168,184,19,167,150,102,132,35,147,118,89,0,0
248,163,241,230,5,65,112,21,58,142,39,1,0
121,227,87,89,8,112,136,91,69,120,152,0,0
226,145,242,179,8,110,56,37,27,23,117,1,0
209,4,88,182,177,42,101,120,52,9,121,0,0
26,21,249,99,101,60,29,128,95,141,42,1,0
85,183,52,180,249,141,72,48,117,62,103,1,0
88,167,81,150,84,45,103,16,131,107,66,0,0
103,106,193,26,104,120,140,41,150,119,88,0,0
21,18,177,210,68,77,39,26,20,80,83,0,0
41,53,41,178,244,53,26,123,94,140,34,1,0
83,37,217,235,26,155,157,158,79,32,29,1,0
242,229,234,104,38,108,136,143,68,21,6,1,0
181,153,103,105,24,109,136,90,147,85,12,1,0
85,113,33,144,179,55,28,19,15,76,71,1,0
183,82,85,71,224,24,93,62,47,100,143,1,0
151,168,2,121,56,107,135,36,148,117,89,0,0
121,123,227,74,230,112,138,38,149,119,89,0,0
195,103,145,32,225,39,20,13,90,39,67,0,0
90,228,225,90,246,113,137,39,69,151,81,0,0
229,208,82,66,54,93,46,30,23,83,82,0,0
245,232,214,25,103,89,126,83,142,81,5,0,0
163,243,197,119,52,49,105,69,53,42,6,0,0
23,150,233,84,75,152,76,157,118,94,13,1,0
53,65,226,34,227,68,35,22,17,77,84,0,0
216,51,213,23,103,89,124,83,64,113,153,0,0
195,165,184,144,176,27,12,116,87,71,88,1,0
19,68,246,56,180,87,122,81,63,49,5,0,0
84,246,226,33,227,67,33,22,97,46,78,1,0
226,185,250,167,119,105,131,143,147,52,7,1,0
84,86,165,74,216,144,151,101,77,60,47,1,0
246,40,177,151,85,75,117,25,138,112,86,1,0
249,146,224,200,211,68,116,22,59,141,42,1,0
36,85,244,71,214,85,121,81,62,50,7,0,0
120,20,245,198,210,39,100,66,51,103,147,0,0
54,120,33,56,179,55,108,19,134,107,66,0,0
6,0,144,177,244,83,42,28,22,81,83,0,0
24,148,69,199,213,69,116,77,59,110,152,0,0
87,82,170,84,89,122,62,147,31,121,147,0,0
37,97,95,96,218,160,0,0,1,64,34,1,0
25,11,50,73,234,144,153,48,157,125,110,1,0
163,6,178,85,88,120,62,42,111,57,84,0,0
162,70,80,208,51,48,25,16,92,43,66,0,0
54,195,116,22,101,60,111,74,56,107,147,0,0
151,227,101,106,23,109,136,91,68,117,151,0,0
245,240,114,146,182,87,42,30,23,81,83,0,0
214,234,99,25,119,90,124,29,144,115,90,0,0
214,194,34,18,198,99,49,34,26,85,84,0,0
198,217,82,248,55,92,127,31,144,116,89,0,0
183,-1,215,175,2,20,11,114,6,100,84,1,0
57,181,178,8,73,123,142,41,71,152,82,0,0
3,119,83,68,55,92,47,31,103,51,84,0,0
193,180,153,250,56,122,141,147,70,24,6,1,0
65,104,88,37,251,156,80,107,120,32,72,1,0
197,40,0,149,81,15,88,5,125,99,39,1,0
199,53,214,8,87,91,127,85,62,114,151,0,0
196,240,207,145,178,25,14,9,7,71,61,1,0
2,23,232,117,64,16,88,112,126,37,92,1,0
67,148,52,182,163,71,117,78,57,47,6,0,0
103,177,89,0,178,42,21,122,11,104,104,1,0
227,4,165,184,181,100,131,86,66,52,11,0,0
193,143,66,193,20,51,25,16,13,11,55,1,0
208,86,229,2,162,43,20,67,90,10,158,1,0
246,99,22,105,36,78,119,80,59,111,153,0,0
177,183,88,166,145,43,101,121,130,40,118,1,0
19,228,32,-1,159,12,7,5,84,35,45,1,0
104,97,186,116,152,118,58,147,29,120,148,0,0
99,89,247,7,83,62,111,126,135,44,137,1,0
122,86,10,2,166,102,50,142,105,148,53,0,0
97,231,69,1,181,72,37,77,99,15,5,1,0
151,34,21,247,34,33,96,64,49,102,146,0,0
218,53,4,10,91,152,157,50,79,160,107,1,0
2,99,99,102,34,18,90,60,45,36,6,1,0
144,88,0,246,51,64,113,21,136,13,174,1,0
106,34,175,245,49,34,97,10,50,136,19,1,0
101,67,146,35,248,128,64,43,31,91,88,1,0
38,50,208,3,181,71,36,25,18,78,84,0,0
49,33,15,241,112,14,8,6,5,2,18,1,0
185,240,246,146,180,86,42,82,21,147,15,1,0
246,89,79,6,81,0,81,2,120,97,22,1,0
6,40,193,150,100,74,118,25,139,110,85,1,0
182,192,24,34,230,99,48,141,26,117,149,0,0
95,120,219,53,9,156,77,160,118,0,107,1,0
37,104,228,37,250,158,80,53,119,65,118,1,0
41,18,58,212,58,139,70,153,35,123,166,1,0
69,166,35,116,169,147,75,50,118,61,107,1,0
54,50,225,17,211,68,34,22,17,79,84,0,0
117,83,179,68,57,122,61,41,30,88,85,1,0
74,197,195,26,105,120,140,39,71,152,81,0,0
16,-1,223,161,210,24,11,7,6,5,30,1,0
214,192,50,36,231,97,48,32,24,83,82,0,0
218,36,243,233,26,156,157,53,80,159,113,1,0
243,103,51,36,230,98,49,34,104,52,85,0,0
150,144,217,196,24,110,54,144,27,117,149,0,0
35,229,47,15,208,8,4,2,83,34,43,1,0
117,144,65,194,20,50,25,17,13,74,69,0,0
40,81,233,67,53,62,33,129,15,109,126,1,0
216,197,153,211,68,78,39,132,99,143,54,0,0
245,48,33,0,159,11,6,3,4,68,47,1,0
166,245,117,151,104,106,134,88,67,118,153,0,0
211,72,2,210,72,108,54,35,106,54,86,0,0
88,165,23,233,23,126,142,96,71,122,156,0,0
119,6,152,85,71,123,61,147,112,90,7,1,0
166,152,87,88,246,111,136,92,147,88,13,1,0
87,153,65,102,20,51,106,17,134,106,68,0,0
184,218,65,232,5,97,129,32,143,116,90,0,0
150,244,101,120,56,107,134,90,66,119,153,0,0
151,232,176,5,67,31,96,10,129,104,53,1,0
100,6,1,66,52,64,31,21,97,45,74,1,0
20,25,22,121,54,77,118,81,141,81,5,0,0
19,166,98,114,150,87,45,30,103,50,85,0,0
31,17,241,191,17,19,10,7,5,3,25,1,0
117,53,40,193,18,51,24,125,94,74,112,1,0
193,103,144,33,242,37,18,13,90,41,67,0,0
34,146,163,198,191,11,84,58,44,35,176,1,0
184,21,180,217,229,97,128,86,64,115,151,0,0
182,7,241,86,0,21,90,6,125,100,43,1,0
242,244,232,121,56,109,135,142,68,23,7,1,0
87,180,38,10,87,121,142,95,71,121,155,0,0
11,19,197,196,42,139,69,101,34,157,67,1,0
249,227,233,86,74,153,75,158,39,128,5,1,0
20,151,97,100,101,91,45,30,103,49,86,0,0
56,244,82,151,82,46,104,17,52,138,21,0,0
48,31,17,224,97,15,9,6,4,4,21,1,0
196,178,18,242,119,103,53,35,26,84,84,0,0
72,121,50,70,210,53,107,19,134,106,66,0,0
73,164,6,218,233,129,143,97,72,121,155,0,0
161,97,18,97,116,58,31,19,14,13,64,1,0
6,10,4,87,246,82,120,82,142,82,7,0,0
36,9,120,88,6,80,121,133,142,49,157,1,0
24,39,9,144,180,57,29,125,94,140,37,1,0
184,194,25,18,214,99,49,141,24,115,149,0,0
232,96,227,97,218,160,-1,52,-1,129,128,1,0
19,248,88,55,182,86,123,136,142,49,163,1,0
196,39,225,164,232,113,57,37,108,54,85,0,0
212,54,241,194,39,109,56,38,108,55,86,0,0
225,20,120,215,243,37,100,120,49,8,119,0,0
41,114,165,145,194,54,28,71,13,140,6,1,0
150,169,1,120,72,107,133,37,147,119,90,0,0
118,199,143,213,243,38,99,12,131,104,58,1,0
196,40,210,148,200,114,57,39,110,54,84,0,0
20,34,177,225,85,77,38,26,20,81,82,0,0
37,95,217,217,251,158,160,160,0,64,33,1,0
161,117,90,169,153,133,147,152,75,27,7,1,0
105,106,193,25,119,119,141,41,149,121,90,0,0
226,50,36,22,99,31,95,64,47,39,5,0,0
232,231,183,1,164,73,36,131,99,142,52,0,0
167,4,165,185,183,102,132,86,65,116,153,0,0
241,7,199,69,208,23,93,114,127,38,100,1,0
193,159,81,208,52,49,24,17,13,9,52,1,0
7,117,37,151,101,76,117,78,60,110,151,0,0
112,64,225,33,243,66,34,24,17,15,71,1,0
41,66,5,35,248,128,65,97,33,154,56,1,0
4,55,164,198,209,8,85,57,122,67,128,1,0
114,85,41,89,8,140,151,154,77,28,16,1,0
119,115,201,163,230,112,58,144,29,118,148,0,0
248,26,162,104,21,81,120,28,141,111,88,0,0
63,229,164,17,209,10,5,56,83,2,127,1,0
102,176,89,1,163,42,20,122,12,105,104,1,0
143,73,241,231,20,66,114,22,136,12,177,1,0
216,68,229,40,150,89,123,84,61,113,153,0,0
49,88,71,4,80,1,82,106,120,32,77,1,0
214,146,163,180,176,10,87,57,42,99,131,1,0
150,106,54,42,152,118,138,93,149,87,21,1,0
170,150,56,84,71,91,46,137,103,147,53,0,0
32,24,1,117,49,19,90,6,126,4,130,1,0
200,234,82,9,69,92,127,30,142,115,88,0,0
154,36,67,233,5,96,127,33,63,148,71,1,0
107,145,101,196,24,109,56,91,29,151,38,1,0
245,250,229,39,148,89,123,84,142,81,6,0,0
88,20,145,199,211,40,101,13,50,135,22,0,0
150,122,69,57,184,115,139,92,149,88,17,1,0
248,147,208,200,197,71,114,24,57,142,44,1,0
197,88,8,3,167,103,50,141,107,85,165,1,0
21,119,217,53,27,156,77,160,120,95,18,1,0
230,248,113,56,196,86,122,29,142,114,90,0,0
248,48,70,17,196,71,34,77,19,143,5,1,0
227,244,118,153,102,104,133,89,68,52,13,0,0
2,151,83,83,87,91,47,30,104,51,86,0,0
42,164,162,232,7,125,144,42,72,154,84,1,0
184,68,114,41,164,86,124,29,61,146,62,1,0
32,119,198,68,55,92,47,86,104,20,9,1,0
50,100,22,120,53,79,120,79,60,49,6,0,0
90,35,160,229,3,36,97,13,48,136,22,0,0
210,70,2,227,87,105,52,36,108,53,86,0,0
34,250,106,55,197,85,122,135,143,49,160,1,0
229,16,239,192,16,20,11,7,5,67,57,1,0
232,115,193,168,148,74,116,26,59,143,48,1,0
67,117,53,168,116,75,118,77,58,46,7,0,0
121,115,201,147,200,116,59,145,29,120,148,0,0
196,211,71,58,199,115,137,92,70,55,18,1,0
197,24,240,101,34,20,89,6,125,99,42,1,0
194,121,200,56,199,115,137,144,149,56,7,1,0
242,249,198,53,193,24,94,114,126,37,101,1,0
9,82,117,81,69,61,32,74,16,142,7,1,0
112,163,199,214,227,67,115,129,58,15,144,1,0
148,99,194,100,120,118,60,39,30,88,84,0,0
150,50,37,7,82,32,95,63,48,103,147,0,0
234,213,185,241,148,72,36,132,99,144,54,0,0
194,165,123,233,25,124,144,149,71,25,7,1,0
7,70,149,42,152,147,155,103,77,125,171,1,0
120,19,5,215,242,38,98,66,49,105,147,0,0
194,83,178,85,89,121,60,42,31,24,126,1,0
51,24,151,121,54,77,118,134,139,48,155,1,0
49,242,99,116,150,89,45,31,21,17,93,1,0
105,228,241,105,22,109,134,36,68,151,81,0,0
192,167,80,119,52,48,105,15,133,11,158,1,0
105,229,241,105,39,108,135,38,67,150,83,0,0
201,49,162,17,208,8,6,57,2,130,137,1,0
176,231,245,21,215,130,66,98,113,25,44,1,0
75,196,209,40,166,117,139,40,70,152,81,0,0
53,251,167,57,202,144,153,101,158,94,48,1,0
160,212,7,55,178,55,109,125,53,11,131,1,0
180,145,243,196,23,110,54,38,27,86,84,0,0
38,225,19,100,105,150,74,51,37,94,112,1,0
39,225,19,102,123,149,76,50,37,94,110,1,0
117,42,74,170,121,135,146,152,155,59,10,1,0
89,90,179,8,72,122,142,40,150,120,89,0,0
242,160,3,227,88,106,52,35,26,21,112,1,0
68,5,247,82,84,62,32,128,95,76,124,1,0
121,122,225,73,214,114,136,38,149,120,88,0,0
52,73,85,232,5,65,112,77,137,78,6,1,0
232,10,160,88,4,82,120,28,142,114,90,0,0
8,117,53,167,148,73,117,79,60,110,153,0,0
84,97,32,113,164,56,28,18,14,77,74,1,0
192,180,170,10,88,120,142,148,72,26,7,1,0
99,163,102,230,19,64,114,74,56,45,5,0,0
210,56,242,196,23,111,56,37,109,54,84,0,0
248,219,243,233,27,154,159,52,159,127,123,1,0
119,90,38,9,71,121,140,94,152,90,23,1,0
177,163,122,233,7,126,144,149,72,27,5,1,0
247,116,38,150,84,77,119,78,59,111,153,0,0
73,165,7,234,9,125,143,96,71,122,155,0,0
103,2,243,182,178,42,100,66,52,106,148,0,0
147,232,115,21,201,130,64,44,112,58,90,1,0
162,8,179,83,72,123,60,40,112,57,84,0,0
58,181,177,8,88,121,141,42,70,152,81,0,0
153,104,41,35,245,97,49,140,105,147,52,0,0
162,226,197,102,34,49,106,71,52,42,6,0,0
55,116,229,170,121,133,148,99,73,124,156,1,0
120,201,145,198,210,39,101,14,129,103,60,1,0
5,2,160,178,6,81,40,28,20,80,82,0,0
121,240,51,114,160,26,14,62,7,134,156,1,0
121,121,211,57,200,115,137,40,150,120,90,0,0
198,224,74,82,85,90,45,136,22,116,149,0,0
166,115,225,162,216,115,56,38,28,87,84,0,0
165,192,143,34,227,38,18,14,11,73,71,0,0
69,249,10,43,170,146,154,157,156,63,22,1,0
226,70,18,226,104,105,54,36,106,52,85,0,0
1,176,17,244,118,105,52,36,26,22,108,1,0
242,180,225,176,241,21,11,8,86,38,57,1,0
63,162,39,212,241,7,85,109,41,2,96,1,0
84,183,66,179,9,140,72,48,116,62,100,1,0
164,8,162,69,40,123,62,42,111,57,85,0,0
184,202,51,201,215,98,129,32,144,116,90,0,0
119,153,225,89,248,113,137,38,147,120,88,0,0
215,249,115,40,164,86,124,28,141,115,89,0,0
6,32,168,225,102,76,39,131,18,112,138,1,0
123,3,19,167,120,105,132,36,66,150,79,1,0
35,83,4,89,6,81,120,82,62,48,7,0,0
144,6,116,81,69,62,32,75,95,14,6,1,0
160,196,249,24,116,58,109,128,55,13,135,1,0
23,163,84,230,3,66,113,75,58,111,151,0,0
75,195,195,24,120,120,141,40,70,153,83,0,0
80,197,21,211,52,77,39,79,101,17,7,1,0
200,2,6,177,5,80,40,81,20,145,9,1,0
56,194,149,40,164,58,108,72,56,108,148,0,0
244,21,182,216,229,99,129,87,64,53,11,0,0
200,83,145,73,230,83,122,28,61,146,57,1,0
43,230,105,19,201,130,65,150,113,154,82,1,0
150,98,195,99,103,120,61,39,30,87,84,0,0
103,197,53,42,166,116,138,93,71,119,151,0,0
2,118,67,51,21,96,49,32,105,51,85,0,0
105,98,170,101,103,121,59,148,31,121,149,0,0
82,164,86,214,243,68,114,75,58,45,7,0,0
167,186,33,183,167,102,131,34,147,118,89,0,0
184,230,6,1,177,11,6,111,84,131,6,1,0
55,106,17,40,146,57,109,19,135,109,69,1,0
212,181,200,159,208,24,11,115,87,70,87,1,0
89,102,119,34,241,38,18,118,89,136,18,1,0
117,143,64,194,36,49,25,18,12,73,71,0,0
244,250,246,55,180,85,122,82,142,83,5,0,0
55,118,229,168,151,132,146,98,74,124,155,0,0
16,241,208,143,192,24,14,8,8,6,30,1,0
182,21,181,216,247,97,128,86,64,116,153,0,0
2,162,18,228,103,104,52,36,27,20,109,1,0
186,165,88,114,164,87,43,135,101,146,54,0,0
194,216,120,230,3,35,97,119,128,39,113,1,0
89,179,23,250,41,124,142,95,72,120,155,0,0
89,181,22,250,55,124,141,96,71,121,154,0,0
201,244,39,47,0,5,2,108,81,129,6,1,0
249,84,50,74,234,142,153,49,77,158,100,1,0
99,53,249,26,122,149,156,158,78,31,22,1,0
33,55,24,196,191,11,85,110,124,34,85,1,0
117,82,178,85,87,122,62,41,30,88,82,0,0
243,201,42,217,245,98,129,139,144,53,172,1,0
3,73,178,212,223,9,85,55,121,65,129,1,0
162,91,153,248,41,124,141,149,150,58,6,1,0
245,40,115,149,96,16,88,58,123,67,136,1,0
164,8,179,68,55,124,62,41,110,58,86,0,0
51,5,81,80,64,2,1,2,81,33,36,1,0
90,115,70,164,216,114,56,91,28,151,42,1,0
83,162,84,215,227,67,113,77,57,47,5,0,0
96,193,88,36,250,158,79,107,39,-1,84,1,0
168,161,250,228,104,104,54,141,28,116,149,0,0
51,151,2,86,75,153,77,51,118,63,112,1,0
246,24,160,104,36,79,121,28,141,112,89,0,0
150,144,232,196,40,110,56,143,28,118,149,0,0
179,69,98,224,99,46,23,15,92,42,68,0,0
198,225,58,83,69,91,45,139,22,115,149,0,0
164,191,145,34,241,38,18,14,10,72,69,0,0
200,35,197,231,21,94,128,86,63,114,153,0,0
240,35,152,245,33,33,98,118,48,6,121,0,0
152,103,24,34,231,99,49,140,104,147,52,0,0
249,3,183,163,233,144,72,102,37,158,70,1,0
120,154,241,90,8,112,136,38,148,118,88,0,0
91,212,225,73,214,114,138,38,68,150,83,0,0
218,225,120,85,75,153,76,105,39,159,81,1,0
84,148,70,200,213,70,114,78,59,46,7,0,0
248,37,103,249,59,154,156,106,78,127,175,1,0
83,148,69,199,196,71,114,78,57,46,5,0,0
208,183,113,181,177,42,101,13,131,9,153,1,0
242,103,33,20,198,100,49,34,105,51,84,0,0
160,216,229,245,152,133,68,98,113,26,49,1,0
98,168,166,148,185,145,73,102,117,29,63,1,0
210,153,217,104,23,110,134,143,148,53,6,1,0
40,89,1,8,85,62,111,22,136,109,72,1,0
234,117,192,150,100,74,119,25,60,144,50,1,0
118,169,196,118,51,47,105,71,131,74,169,1,0
50,24,152,105,38,78,120,133,140,49,156,1,0
153,83,241,85,1,22,90,6,47,132,7,1,0
71,212,164,71,210,55,107,71,54,107,147,0,0
56,96,7,113,146,57,28,127,14,107,119,1,0
105,122,209,56,184,116,138,38,148,120,89,0,0
100,42,74,153,88,136,147,153,153,61,11,1,0
167,170,17,153,102,105,134,36,147,117,88,0,0
25,194,32,40,162,57,110,18,54,140,31,1,0
232,8,144,89,246,81,122,29,141,113,90,0,0
90,229,243,88,6,112,137,37,67,150,81,0,0
242,162,3,211,72,108,55,37,28,23,112,1,0
21,40,38,151,85,76,117,79,139,80,7,0,0
119,146,218,178,247,112,56,144,27,120,149,0,0
150,107,54,40,167,118,140,94,150,88,18,1,0
36,85,6,72,228,84,121,82,62,48,5,0,0
48,55,31,182,176,12,85,5,123,2,123,1,0
232,21,71,95,219,160,-1,106,79,127,5,1,0
216,198,120,193,20,79,41,133,100,145,52,0,0
163,180,22,250,55,123,142,94,71,57,25,1,0
186,167,90,147,181,87,43,136,102,145,52,0,0
122,177,149,243,151,104,52,89,27,149,31,1,0
38,58,53,183,165,73,117,79,138,79,6,0,0
230,47,24,17,208,9,4,110,2,98,70,1,0
52,214,177,226,84,77,37,25,99,47,86,0,0
114,195,148,38,147,59,110,74,54,45,6,0,0
168,17,101,207,50,19,10,59,6,132,146,1,0
249,86,52,89,248,142,150,49,75,158,98,1,0
80,87,79,244,48,2,81,2,121,2,114,1,0
121,88,10,4,182,102,52,142,107,149,52,0,0
216,225,72,99,119,89,46,137,23,114,148,0,0
117,116,229,168,121,133,148,97,75,58,38,1,0
50,101,22,104,21,80,120,79,61,48,6,0,0
246,150,73,98,101,90,46,138,103,81,153,1,0
161,244,213,118,67,47,105,70,53,43,6,0,0
70,88,116,8,68,63,112,75,135,76,6,1,0
145,38,48,160,227,54,26,19,93,44,67,0,0
228,217,196,249,37,95,128,86,143,83,7,0,0
247,209,218,54,26,154,79,158,38,126,6,1,0
72,210,181,72,228,54,106,70,53,106,147,0,0
228,234,212,7,71,91,125,85,144,84,5,0,0
245,166,90,116,164,87,45,137,102,81,149,1,0
226,88,19,244,149,103,52,34,106,52,86,0,0
55,195,147,23,115,59,111,74,54,109,146,0,0
65,83,106,72,212,83,122,135,60,18,160,1,0
178,66,147,35,232,129,64,42,32,25,133,1,0
166,240,184,112,161,26,13,116,6,103,90,1,0
32,151,214,82,70,91,45,85,102,19,7,1,0
35,183,162,178,5,82,40,27,101,49,86,0,0
36,182,145,162,214,85,41,28,102,50,85,0,0
16,103,166,19,215,99,50,87,106,20,15,1,0
22,209,244,70,42,154,77,53,39,95,116,1,0
1,115,116,150,81,15,88,59,45,36,6,1,0
66,147,69,184,180,70,115,77,59,48,5,0,0
73,243,98,151,99,46,104,16,51,138,22,0,0
248,16,121,195,22,80,39,134,19,111,142,1,0
22,197,120,195,20,79,39,133,100,79,143,1,0
104,185,98,165,147,42,103,14,130,105,64,1,0
56,69,56,209,52,47,25,124,91,137,29,1,0
167,177,8,4,183,102,51,142,26,118,148,0,0
81,16,161,195,20,81,39,28,21,15,85,1,0
24,1,27,164,217,145,72,156,37,126,172,1,0
164,114,227,162,230,113,57,38,29,87,83,0,0
121,52,191,22,98,29,96,11,47,135,16,1,0
229,225,83,84,70,91,47,30,22,83,84,0,0
219,209,103,69,58,152,78,104,38,159,81,1,0
146,121,24,71,228,53,106,125,133,43,128,1,0
241,84,85,85,0,20,92,62,47,37,6,1,0
42,212,49,72,227,54,107,18,55,138,29,1,0
2,88,148,242,151,103,51,88,106,20,19,1,0
242,21,164,199,215,99,131,88,65,52,13,0,0
217,6,55,65,33,5,2,107,80,128,6,1,0
33,100,230,117,65,16,90,114,45,3,106,1,0
71,227,181,88,243,52,106,70,53,106,148,0,0
163,199,4,215,242,38,100,66,130,73,158,1,0
198,186,148,169,150,103,133,87,145,85,6,0,0
194,55,242,180,8,112,57,37,107,56,86,0,0
230,147,162,198,208,9,86,56,44,97,131,1,0
146,54,66,178,4,50,27,17,93,44,68,0,0
4,250,246,55,197,85,122,81,143,81,7,0,0
180,162,1,210,72,108,55,37,27,85,84,0,0
26,117,99,169,121,133,148,45,75,156,92,1,0
161,153,57,103,36,48,106,123,134,41,124,1,0
90,18,112,199,194,39,100,15,51,135,20,0,0
240,34,120,231,18,36,99,118,50,6,121,0,0
84,163,84,232,3,65,112,77,56,45,7,0,0
11,19,197,212,58,139,68,101,35,155,65,1,0
57,8,153,83,72,121,61,148,112,153,73,1,0
214,69,244,55,181,87,123,83,63,115,153,0,0
180,209,161,50,19,36,17,11,9,70,70,0,0
210,244,117,152,86,105,134,88,68,55,12,0,0
36,182,144,163,230,83,41,27,102,49,86,0,0
180,144,243,195,40,109,54,37,29,85,83,0,0
69,26,198,122,58,139,148,101,154,93,41,1,0
121,212,69,58,199,116,138,91,70,118,153,0,0
122,166,184,114,146,28,15,115,88,134,9,1,0
50,87,56,244,33,3,82,109,122,34,81,1,0
207,4,73,165,115,45,103,123,50,10,121,0,0
48,151,213,98,103,91,44,84,103,17,5,1,0
68,247,217,51,20,66,32,130,97,78,128,1,0
229,217,198,232,22,96,127,84,145,82,7,0,0
87,244,196,120,51,49,105,69,52,106,146,0,0
103,246,107,37,231,127,64,151,112,91,5,1,0
34,167,113,145,198,85,44,30,102,50,85,0,0
152,160,234,210,72,107,54,143,26,118,148,0,0
83,150,119,84,91,151,76,103,119,31,67,1,0
148,176,114,2,161,42,20,14,11,72,69,0,0
226,113,227,162,216,113,58,37,28,24,119,1,0
200,37,197,247,53,93,128,84,63,116,153,0,0
149,99,210,115,168,118,59,38,31,89,82,0,0
230,234,213,9,85,91,126,85,142,84,6,0,0
162,71,80,225,84,47,24,15,92,42,67,0,0
184,194,42,36,247,96,50,138,26,117,147,0,0
26,195,17,38,146,59,108,19,54,139,32,1,0
50,198,161,194,20,81,39,27,99,47,85,0,0
196,225,191,98,98,30,16,11,7,71,67,1,0
166,50,35,21,97,31,94,64,47,101,146,0,0
87,167,82,120,52,48,105,16,131,105,68,0,0
242,21,165,200,198,101,131,86,66,53,13,0,0
230,84,246,72,214,85,121,82,60,114,153,0,0
102,143,48,176,243,51,26,17,12,74,71,0,0
182,201,51,216,229,98,129,32,146,116,89,0,0
59,180,161,249,41,123,142,41,71,154,81,0,0
100,7,0,81,83,60,31,21,95,45,73,1,0
176,227,39,87,4,51,105,124,54,11,126,1,0
101,114,49,162,212,55,26,19,13,74,71,0,0
149,176,96,240,147,43,22,15,10,73,69,0,0
5,9,246,71,212,83,123,83,142,82,6,0,0
37,32,194,243,117,75,36,24,20,78,83,0,0
250,230,201,19,197,69,34,130,99,141,52,1,0
34,69,244,57,198,86,122,83,63,50,6,0,0
176,50,115,19,199,131,64,45,33,25,134,1,0
213,1,223,160,210,24,12,9,6,68,61,1,0
167,67,52,39,145,27,94,62,46,101,147,0,0
167,4,150,184,166,103,131,87,67,116,153,0,0
195,34,3,230,1,35,99,66,48,40,5,0,0
216,232,97,25,103,89,124,31,143,114,88,0,0
52,199,176,211,68,77,39,26,99,47,85,0,0
178,24,195,99,105,120,59,40,111,56,85,0,0
164,152,86,90,8,112,136,90,149,86,12,1,0
149,114,210,146,184,115,59,39,28,88,83,0,0
88,244,211,151,83,45,104,69,51,105,146,0,0
243,7,199,71,224,24,91,116,125,38,99,1,0
89,212,209,56,198,114,137,40,69,152,81,0,0
178,87,112,1,179,42,20,14,90,40,67,0,0
183,19,166,199,199,99,130,86,64,116,153,0,0
-1,224,192,97,115,30,15,10,8,5,35,1,0
212,217,181,233,7,95,129,85,143,85,7,0,0
97,116,183,168,149,72,117,130,59,15,149,1,0
228,4,148,169,118,103,132,87,66,53,12,0,0
216,100,177,120,54,77,118,27,61,144,53,1,0
235,167,10,116,153,148,75,157,116,158,98,1,0
39,88,0,246,51,63,111,20,135,108,74,1,0
201,181,105,161,230,84,42,136,100,146,53,0,0
17,19,25,216,230,97,130,140,65,19,172,1,0
162,216,215,229,105,134,68,100,114,26,51,1,0
180,161,2,227,88,106,53,37,27,87,83,0,0
147,227,179,88,3,50,106,70,54,44,6,0,0
37,41,36,151,101,76,118,79,138,80,7,0,0
5,8,5,88,5,81,121,81,142,81,7,0,0
38,48,208,2,165,71,37,25,17,78,84,0,0
65,194,228,22,217,159,81,54,41,33,165,1,0
214,32,247,223,98,16,8,113,5,98,77,1,0
245,32,17,239,145,14,6,5,4,68,48,1,0
2,71,118,226,104,104,52,90,106,21,21,1,0
216,249,114,56,182,86,124,28,142,115,90,0,0
178,4,229,166,115,44,103,68,51,40,7,0,0
166,3,150,168,119,103,132,89,65,117,152,0,0
42,228,48,86,243,53,106,17,52,140,28,1,0
32,100,231,118,48,18,90,112,45,3,105,1,0
20,69,229,40,150,87,124,84,61,49,7,0,0
227,86,34,2,165,101,51,35,106,53,85,0,0
228,224,82,83,86,91,46,32,22,84,82,0,0
68,152,19,102,123,149,75,49,119,62,109,1,0
227,68,53,39,144,27,94,62,46,37,6,1,0
101,151,181,88,242,52,106,71,134,76,173,1,0
5,1,144,162,228,82,42,28,22,82,83,0,0
241,209,159,64,33,34,18,12,9,7,40,1,0
144,33,82,227,89,136,67,47,33,29,142,1,0
4,232,73,8,86,90,127,137,142,52,168,1,0
228,186,8,183,165,103,132,140,147,52,7,1,0
71,19,67,195,42,139,69,47,34,93,101,1,0
18,52,230,23,117,88,124,82,62,50,6,0,0
56,98,249,98,115,58,30,127,14,108,121,1,0
169,119,42,51,23,96,47,139,104,147,53,0,0
148,176,96,242,115,43,22,14,10,72,70,0,0
6,116,52,166,118,74,118,77,58,112,151,0,0
194,119,160,49,3,36,18,13,88,40,66,0,0
34,85,5,87,244,83,122,81,62,48,5,0,0
209,4,88,182,161,42,101,120,50,8,119,0,0
90,193,4,34,243,37,19,65,10,136,166,1,0
147,161,96,226,98,45,22,15,12,72,69,0,0
121,87,10,242,150,102,51,141,105,150,54,1,0
180,55,234,196,39,109,54,142,107,87,172,1,0
230,210,65,52,23,94,48,32,23,84,84,0,0
148,87,89,2,162,43,20,121,91,73,106,1,0
82,225,2,84,74,151,77,52,38,32,158,1,0
245,64,40,47,16,6,2,109,3,96,66,1,0
182,192,24,18,197,99,49,141,24,116,148,0,0
179,184,88,181,179,40,100,122,132,41,118,1,0
178,3,227,181,161,42,102,67,52,41,5,0,0
122,224,35,97,97,30,16,64,7,135,158,1,0
18,102,180,35,245,98,50,87,105,19,14,1,0
208,23,55,117,167,118,60,93,110,24,33,1,0
18,166,114,114,165,86,43,30,102,49,85,0,0
214,103,25,20,197,100,50,140,105,84,163,1,0
81,32,176,227,85,76,38,25,19,16,81,1,0
182,-1,200,160,210,23,11,116,5,102,85,1,0
244,240,114,115,165,88,43,29,23,82,84,0,0
105,149,152,81,67,31,17,119,88,136,14,1,0
245,178,212,5,80,2,82,54,42,96,123,1,0
211,35,19,246,35,35,98,64,50,40,5,0,0
212,202,182,217,246,96,128,87,146,84,6,0,0
148,98,194,115,152,118,59,39,29,88,83,0,0
245,234,228,24,119,90,124,84,144,82,7,0,0
210,36,20,229,19,36,99,66,48,40,6,0,0
186,150,73,98,102,91,45,138,103,146,54,0,0
247,80,55,65,47,2,3,109,2,96,66,1,0
57,147,246,185,184,130,147,98,72,123,156,0,0
116,160,82,209,52,48,24,17,13,74,70,0,0
212,8,67,70,210,24,92,62,126,68,144,1,0
98,179,117,7,69,63,111,74,56,46,5,0,0
144,179,248,6,85,60,111,126,57,14,137,1,0
193,101,143,18,210,38,19,12,90,41,68,0,0
66,0,145,162,228,84,43,28,20,16,87,1,0
7,249,36,42,170,148,154,48,157,125,114,1,0
162,74,122,232,25,124,142,148,153,57,7,1,0
20,88,195,244,31,5,83,55,122,65,124,1,0
199,234,83,7,86,92,127,30,142,116,88,0,0
56,143,196,193,20,51,26,69,13,139,5,1,0
215,39,15,164,114,13,87,6,125,98,37,1,0
183,31,117,224,97,15,7,58,3,130,144,1,0
198,161,17,228,104,106,54,36,28,86,83,0,0
83,52,251,10,90,152,155,157,79,30,24,1,0
182,21,165,200,214,100,130,86,64,116,153,0,0
231,48,22,15,193,9,5,109,4,99,73,1,0
200,210,42,51,21,94,48,140,25,116,149,0,0
229,150,72,82,87,91,47,138,103,83,154,1,0
168,5,149,167,149,104,133,89,67,116,151,0,0
114,1,52,163,216,144,73,47,37,28,150,1,0
150,154,241,106,23,109,135,36,147,118,88,0,0
101,199,83,213,73,136,69,46,114,59,97,1,0
71,120,32,55,194,55,107,18,134,106,67,0,0
86,214,73,244,122,134,67,152,114,92,6,1,0
102,2,228,182,162,42,101,69,52,106,147,0,0
80,198,22,194,22,81,39,80,100,16,7,1,0
146,165,6,217,247,126,144,97,71,59,31,1,0
145,211,164,56,196,54,107,71,53,42,5,0,0
229,16,0,209,66,17,9,6,4,68,54,1,0
219,36,243,250,41,153,157,51,78,159,110,1,0
217,120,235,68,42,155,76,158,119,159,105,1,0
20,5,56,64,33,3,2,107,80,65,67,1,0
215,68,229,40,166,86,125,84,61,113,151,0,0
72,85,73,242,114,43,23,121,92,137,26,1,0
123,178,164,4,182,101,50,86,27,148,28,1,0
244,19,181,216,247,96,130,85,65,51,13,0,0
229,163,179,214,239,7,85,57,43,97,128,1,0
96,105,95,20,219,158,80,-1,119,0,109,1,0
70,120,50,70,226,53,108,18,134,108,66,0,0
211,248,67,54,194,24,94,63,128,68,146,1,0
177,67,146,35,248,126,63,44,32,27,133,1,0
232,83,5,71,228,82,122,81,60,113,152,0,0
248,235,2,9,75,152,155,51,159,127,120,1,0
214,41,15,149,97,16,88,6,123,99,36,1,0
246,242,99,116,150,88,43,29,23,82,83,0,0
73,149,245,201,199,130,145,96,74,121,156,0,0
163,193,112,16,193,39,21,15,10,73,70,0,0
214,31,248,241,112,14,8,113,5,99,76,1,0
163,193,145,17,211,38,20,13,9,73,69,0,0
33,225,81,82,85,92,46,30,23,19,96,1,0
214,208,66,51,6,97,49,31,25,84,82,0,0
150,209,151,65,51,33,18,117,10,103,94,1,0
211,180,214,175,2,21,11,113,87,68,84,1,0
49,41,17,165,143,12,88,6,124,2,124,1,0
209,23,55,115,150,118,59,92,111,25,34,1,0
212,239,207,144,193,26,13,8,6,68,60,1,0
20,151,98,99,119,90,44,31,103,50,85,0,0
3,118,67,68,37,95,48,32,103,52,86,0,0
145,37,34,145,194,55,28,19,95,44,67,0,0
241,231,177,6,81,31,96,11,129,7,141,1,0
81,53,235,10,73,153,155,158,77,30,26,1,0
224,20,105,198,210,39,99,121,51,7,121,0,0
57,82,23,69,56,124,61,96,31,152,52,1,0
166,146,241,178,7,111,55,36,27,87,83,0,0
211,228,102,106,39,109,134,89,67,53,13,0,0
41,102,199,121,57,139,150,99,76,125,161,1,0
233,116,193,167,118,75,117,26,60,142,48,1,0
184,35,180,232,6,95,129,85,63,115,152,0,0
48,166,245,147,182,87,42,82,103,18,5,1,0
72,3,97,165,145,44,101,14,52,138,20,0,0
229,196,231,191,33,19,10,114,84,67,82,1,0
104,212,69,57,183,117,139,91,69,120,152,0,0
152,19,33,199,197,100,130,34,64,147,73,1,0
100,178,116,8,85,60,110,74,56,44,7,0,0
114,39,34,144,178,57,28,18,94,43,66,0,0
120,19,3,214,225,39,99,67,49,104,148,0,0
86,33,99,229,105,136,67,46,35,90,95,1,0
245,226,97,99,102,90,45,29,22,82,84,0,0
104,105,195,42,150,119,140,39,151,120,89,0,0
165,209,161,50,2,36,19,11,8,72,69,0,0
176,247,5,52,8,126,64,96,111,25,43,1,0
38,251,150,42,170,146,153,104,157,93,49,1,0
89,90,178,248,55,123,143,41,150,122,91,1,0
194,200,104,198,193,40,99,119,129,39,116,1,0
120,67,207,53,178,25,92,8,48,135,11,1,0
8,80,101,66,52,63,31,75,16,142,5,1,0
54,106,16,23,115,60,111,21,136,107,70,1,0
64,84,105,73,229,82,122,136,62,16,158,1,0
228,86,18,244,119,104,53,34,106,52,84,0,0
18,52,213,23,103,89,126,84,64,51,6,1,0
207,85,227,242,115,43,23,69,91,8,160,1,0
67,69,150,43,169,147,154,104,78,62,50,1,0
150,52,35,6,66,33,95,65,49,104,146,0,0
179,2,244,182,179,40,101,68,50,40,7,0,0
230,68,245,55,197,85,123,81,62,113,151,0,0
224,18,104,214,226,38,99,120,51,9,121,0,0
105,225,35,80,67,32,16,65,8,134,160,1,0
209,50,37,5,65,32,96,64,49,38,6,0,0
194,56,225,180,246,111,56,39,107,56,86,0,0
49,49,31,1,176,10,6,4,4,2,16,1,0
22,197,152,195,37,79,40,133,100,79,141,1,0
54,167,26,149,201,145,72,156,117,92,7,1,0
179,243,211,150,99,45,103,68,52,42,6,0,0
31,32,0,223,80,17,9,5,4,5,22,1,0
208,86,244,1,179,42,22,68,91,8,157,1,0
8,53,119,26,105,150,155,103,77,125,171,1,0
233,97,211,97,97,0,-1,54,1,129,128,1,0
106,34,159,231,17,34,98,13,50,134,20,1,0
209,243,72,149,98,45,104,122,51,10,121,0,0
19,166,114,145,182,87,42,29,102,51,84,0,0
147,210,181,70,226,54,108,71,55,43,5,0,0
175,37,179,160,228,54,27,72,95,11,169,1,0
151,36,20,246,51,32,98,64,48,103,146,0,0
146,55,49,178,242,51,27,17,92,43,67,0,0
80,72,65,229,16,5,83,2,122,2,117,1,0
182,201,51,216,247,96,128,32,144,115,89,0,0
81,6,210,80,80,0,0,54,81,0,117,1,0
73,147,247,202,217,128,146,96,72,121,154,0,0
166,50,51,21,114,30,94,64,48,102,148,0,0
17,39,248,166,113,15,88,113,125,34,90,1,0
198,210,56,66,55,93,48,139,24,116,148,0,0
95,21,228,97,218,159,1,52,80,1,117,1,0
154,102,24,18,215,99,50,140,104,147,53,0,0
55,3,68,179,8,142,72,48,35,93,102,1,0
231,83,6,88,245,81,121,82,62,113,152,0,0
104,114,185,147,182,117,59,145,28,121,149,0,0
178,3,227,165,147,42,101,67,52,40,6,0,0
196,177,18,243,151,102,51,34,25,86,82,0,0
2,36,196,232,22,96,128,84,65,50,12,1,0
212,243,103,120,56,108,135,91,66,55,12,0,0
38,34,193,225,100,75,38,24,19,79,83,0,0
86,106,147,24,116,58,109,73,136,75,5,1,0
20,16,161,193,38,79,41,28,20,79,83,0,0
26,97,147,114,164,58,29,72,15,141,7,1,0
25,35,214,229,105,136,68,100,35,154,64,1,0
162,242,212,150,83,47,103,69,52,43,6,0,0
99,180,100,248,37,64,111,74,56,46,6,0,0
87,243,211,119,66,46,104,69,52,105,146,0,0
68,213,193,226,101,75,38,24,98,48,84,0,0
101,200,67,196,42,138,69,47,114,59,100,1,0
24,164,86,216,245,66,114,75,58,109,153,0,0
116,196,149,22,117,60,110,74,54,44,7,0,0
88,226,195,104,20,51,105,69,52,106,148,0,0
214,249,99,39,149,88,125,31,142,114,89,0,0
166,178,10,243,149,102,53,141,26,117,149,0,0
179,40,211,146,184,115,57,40,108,55,85,0,0
53,10,182,91,249,141,152,101,155,93,44,1,0
66,115,38,151,101,75,119,78,58,48,5,0,0
4,63,47,33,224,7,5,2,1,67,43,1,0
165,249,208,38,162,26,94,10,126,103,49,1,0
36,56,68,183,181,72,117,77,139,80,5,0,0
20,26,20,104,22,80,120,81,140,79,7,0,0
56,196,148,39,147,59,108,74,54,109,146,0,0
200,217,65,232,21,94,128,33,144,114,88,0,0
81,5,196,65,32,4,2,56,82,0,121,1,0
72,4,114,183,178,41,101,15,52,138,22,0,0
57,50,90,5,168,131,66,151,32,124,159,1,0
163,53,64,194,34,48,24,18,94,41,68,0,0
226,249,184,37,145,27,93,115,128,39,103,1,0
86,21,249,98,100,59,31,128,95,76,124,1,0
88,19,145,214,241,36,98,13,49,136,22,0,0
152,162,250,228,87,105,53,141,28,118,148,0,0
65,244,180,47,1,6,3,57,83,2,123,1,0
25,34,231,243,121,133,67,99,34,155,63,1,0
21,88,212,6,81,1,80,54,122,65,121,1,0
224,20,104,199,195,40,99,119,51,7,121,0,0
55,35,90,243,152,133,67,151,35,123,161,1,0
245,224,98,98,119,89,44,29,22,81,82,0,0
26,117,100,169,151,133,147,46,75,154,90,1,0
7,97,87,219,251,158,160,107,-1,95,58,1,0
2,151,81,82,69,91,46,32,103,51,86,0,0
182,160,2,211,56,108,53,35,28,86,84,0,0
242,36,182,233,7,97,127,86,64,52,13,0,0
184,167,90,116,148,88,44,135,103,145,54,0,0
105,117,150,64,35,34,17,118,89,134,15,1,0
41,19,57,211,74,136,68,154,36,125,165,1,0
24,3,42,181,248,141,71,153,36,126,168,1,0
67,104,87,37,235,158,80,105,120,32,74,1,0
162,91,154,250,57,124,143,147,152,57,6,1,0
82,210,244,70,41,153,77,52,39,30,160,1,0
148,86,71,242,115,44,23,121,92,74,107,1,0
197,186,150,185,165,103,132,89,146,86,6,0,0
116,210,164,54,179,55,107,71,53,45,7,0,0
72,3,114,183,162,42,102,13,51,137,20,0,0
102,3,229,165,145,42,102,69,50,106,146,0,0
246,81,71,80,79,0,2,107,2,97,64,1,0
178,24,209,115,167,116,60,40,111,57,86,0,0
183,208,42,50,7,97,48,140,23,115,149,0,0
201,65,179,31,239,6,4,57,2,131,135,1,0
229,208,66,67,39,94,47,33,25,82,82,0,0
100,178,100,248,53,62,113,76,56,46,5,0,0
146,73,121,234,7,125,143,149,153,59,7,1,0
150,170,3,153,86,106,134,35,146,119,89,0,0
251,70,36,57,202,146,152,48,77,158,102,1,0
113,74,226,214,244,68,115,24,136,15,7,1,0
120,211,71,72,216,114,136,93,68,118,151,0,0
224,228,217,89,247,112,135,144,67,23,6,1,0
211,51,36,5,82,31,95,65,47,38,6,0,0
186,150,73,99,119,88,44,138,102,145,53,0,0
54,11,183,73,233,143,151,102,157,94,46,1,0
84,56,200,200,195,71,115,130,138,47,147,1,0
2,217,40,233,23,96,128,139,144,52,171,1,0
65,49,48,16,207,8,4,2,3,1,13,1,0
231,218,242,234,10,156,157,52,160,128,124,1,0
8,179,1,246,51,64,112,21,55,140,37,1,0
25,11,68,89,10,141,151,47,157,125,109,1,0
226,3,148,184,165,103,131,88,67,53,12,0,0
72,152,65,87,3,50,106,17,132,106,68,0,0
169,151,72,84,85,90,47,138,102,148,52,0,0
50,117,38,152,86,75,117,79,58,49,6,0,0
54,104,18,22,100,60,109,20,136,108,71,1,0
194,212,69,72,215,114,136,91,70,56,17,1,0
202,182,105,161,212,83,43,136,102,144,54,0,0
242,162,2,212,56,108,54,37,26,22,112,1,0
3,36,196,248,38,94,127,85,64,51,11,1,0
146,59,106,201,200,131,145,150,154,57,6,1,0
71,200,59,195,41,138,71,154,114,92,5,1,0
7,195,210,21,96,-1,79,53,39,97,122,1,0
39,72,241,231,20,64,114,22,137,109,77,1,0
144,17,66,197,40,138,69,48,34,29,145,1,0
91,213,226,73,230,114,138,37,68,151,83,0,0
247,177,194,246,47,2,81,56,41,96,125,1,0
234,166,11,147,186,145,72,156,118,159,96,1,0
17,194,35,18,197,101,51,33,26,19,106,1,0
120,144,217,180,7,110,56,145,28,118,149,0,0
107,70,248,227,86,107,53,143,106,151,58,1,0
213,194,51,18,215,100,50,33,25,84,83,0,0
6,148,69,183,181,72,115,77,58,110,152,0,0
121,113,200,162,214,115,58,144,28,120,149,0,0
7,105,219,36,251,158,80,159,121,95,20,1,0
37,97,97,218,234,157,159,-1,0,65,34,1,0
149,176,113,0,177,41,20,15,11,72,69,0,0
163,71,82,210,66,47,23,16,92,41,67,0,0
216,242,88,114,165,88,44,136,22,113,148,0,0
200,183,121,179,5,80,41,135,102,145,53,0,0
11,101,82,121,74,137,148,47,74,155,94,1,0
102,4,229,165,116,43,103,69,52,106,147,0,0
20,18,161,193,21,79,40,26,21,79,82,0,0
154,21,51,216,246,98,129,32,64,147,71,1,0
118,161,81,210,68,47,24,17,11,74,71,0,0
52,50,209,19,196,69,35,24,19,77,82,0,0
66,2,145,162,213,84,42,29,20,18,89,1,0
232,8,144,72,230,82,122,29,141,112,90,0,0
247,101,20,104,21,79,120,80,59,112,151,0,0
182,200,33,200,197,99,130,33,144,115,90,0,0
36,183,146,179,245,81,42,27,101,50,86,0,0
214,200,180,216,230,98,129,85,145,85,6,0,0
166,144,225,179,246,113,55,39,28,88,82,0,0
152,239,67,143,194,26,12,62,6,134,153,1,0
194,20,5,213,227,39,99,66,50,39,7,0,0
165,66,53,38,160,27,95,64,46,101,146,0,0
4,230,23,15,207,10,4,110,84,66,72,1,0
55,210,164,55,179,56,109,72,53,108,147,0,0
54,72,85,216,245,67,114,77,138,78,5,1,0
216,198,152,193,38,78,39,134,100,144,52,0,0
71,211,163,56,196,56,108,73,54,107,146,0,0
104,97,186,115,168,116,58,145,29,120,147,0,0
118,34,4,229,1,36,98,66,50,104,148,0,0
243,104,51,36,246,98,50,33,105,51,85,0,0
23,218,104,249,58,152,156,105,160,95,55,1,0
43,232,106,19,216,128,65,151,114,153,81,1,0
231,20,86,219,249,158,158,107,80,128,7,1,0
209,211,185,57,184,116,139,145,68,24,5,1,0
91,146,86,179,6,111,57,90,27,151,38,1,0
175,112,49,160,227,54,28,17,15,10,57,1,0
151,164,199,143,193,25,13,116,86,133,6,1,0
178,24,194,116,150,117,59,40,111,57,85,0,0
24,66,215,33,244,66,33,129,16,109,130,1,0
167,231,191,21,115,28,94,11,129,102,52,1,0
233,48,68,2,181,70,37,76,19,143,7,1,0
147,211,165,70,210,55,108,71,54,43,5,0,0
22,16,178,209,54,79,40,25,21,81,82,0,0
208,99,210,116,167,117,60,39,29,25,121,1,0
104,98,170,99,120,118,61,147,31,119,148,0,0
166,178,9,3,167,101,52,140,27,116,148,0,0
199,53,212,9,69,92,127,83,64,115,151,0,0
216,215,167,226,86,75,37,133,98,143,54,0,0
178,87,97,240,114,45,22,15,91,42,68,0,0
119,83,179,85,72,121,61,42,30,90,83,0,0
51,24,121,104,20,79,119,134,141,49,156,1,0
36,9,121,89,244,81,121,135,142,48,157,1,0
102,167,96,151,98,44,102,15,133,106,67,1,0
216,198,153,210,52,77,40,133,101,143,52,0,0
23,164,86,216,228,69,113,75,58,110,152,0,0
224,35,121,231,1,37,98,119,49,8,119,0,0
193,101,113,18,194,41,20,13,91,39,68,0,0
67,209,243,54,9,157,79,52,40,31,162,1,0
150,35,20,230,19,35,98,65,50,103,146,0,0
2,87,150,3,165,101,50,88,107,21,19,1,0
21,25,22,103,37,79,119,80,139,79,5,0,0
198,98,100,117,50,17,90,59,45,101,139,1,0
150,229,101,105,40,110,134,89,69,118,151,0,0
71,113,23,160,211,54,28,125,14,106,115,1,0
52,199,178,209,52,77,40,25,101,49,85,0,0
96,21,226,219,249,157,158,53,81,1,115,1,0
241,36,151,245,51,32,97,119,50,6,120,0,0
233,70,34,43,168,146,155,49,78,158,104,1,0
104,105,209,42,167,117,139,38,150,120,89,0,0
88,226,196,102,34,50,105,70,53,107,148,0,0
211,72,2,210,54,107,54,35,108,54,84,0,0
38,178,101,248,36,63,111,74,57,108,152,1,0
245,161,196,229,15,5,84,56,41,97,127,1,0
81,80,81,79,81,2,0,0,0,0,6,0,0
72,86,87,240,145,44,22,122,91,137,24,1,0
214,194,49,35,246,97,48,33,25,83,83,0,0
67,251,11,42,154,148,155,157,157,61,24,1,0
215,226,72,98,102,91,46,138,22,115,147,0,0
234,215,169,226,100,75,37,131,99,142,53,0,0
209,2,87,166,147,44,103,122,52,9,120,0,0
150,244,119,151,86,107,134,89,68,118,151,0,0
119,227,87,88,248,113,135,91,68,119,151,0,0
4,228,23,17,191,11,4,109,83,67,72,1,0
90,18,144,215,226,37,99,14,51,136,20,0,0
104,119,119,49,18,36,19,118,89,134,18,1,0
103,74,6,218,248,126,145,97,152,90,29,1,0
4,165,105,145,197,84,44,134,101,81,148,1,0
73,164,7,217,247,127,144,96,73,121,155,0,0
150,245,118,121,71,107,135,88,68,117,152,0,0
146,226,180,88,242,53,105,71,52,43,5,0,0
117,232,116,5,184,131,65,44,112,60,91,1,0
152,160,233,210,55,108,53,144,27,117,148,0,0
247,100,22,120,54,79,120,81,60,111,152,0,0
209,119,161,64,34,33,17,13,89,40,66,0,0
69,80,0,81,67,61,32,20,15,78,77,1,0
10,17,197,196,25,141,70,101,34,155,69,1,0
199,208,57,68,37,95,48,137,23,114,149,0,0
199,216,67,247,39,93,126,31,144,115,90,0,0
121,212,86,74,230,112,138,91,68,120,153,0,0
232,9,146,73,214,85,122,28,140,113,90,0,0
35,9,106,73,214,83,123,136,142,49,160,1,0
34,9,105,73,230,84,122,135,140,50,158,1,0
34,246,63,47,0,5,2,3,81,34,40,1,0
85,21,7,115,164,56,29,125,95,77,120,1,0
213,40,17,165,145,12,86,5,125,100,36,1,0
234,213,167,241,117,74,38,131,99,142,53,0,0
