72,76,142,0,0
72,75,139,0,0
73,77,136,1,0
73,76,136,1,0
66,76,132,1,0
67,73,132,1,0
70,75,129,1,0
71,74,126,1,0
71,72,124,1,0
70,73,124,0,0
71,73,122,0,1
69,71,118,0,1
69,72,116,0,1
68,69,116,0,1
65,70,114,0,1
64,70,110,0,1
63,69,108,0,1
63,68,108,0,1
63,67,104,0,1
60,67,104,0,1
60,67,102,0,1
58,68,99,0,1
57,67,96,0,1
57,67,95,0,1
56,64,92,0,1
55,64,92,0,1
62,63,89,0,1
61,65,88,0,1
61,62,86,0,0
61,63,83,0,0
62,63,82,0,0
53,62,80,0,0
54,63,78,0,0
53,61,76,0,0
54,60,72,0,0
54,60,71,0,0
54,60,70,0,0
52,58,68,0,0
52,60,64,0,0
52,57,62,0,0
53,57,62,0,0
53,58,59,0,0
52,58,57,0,0
52,55,56,0,0
52,55,54,0,0
52,54,50,0,0
53,54,50,0,0
53,53,46,0,0
54,54,46,0,0
54,55,42,0,0
54,53,41,0,0
52,52,39,0,0
54,51,36,0,0
52,53,36,0,0
52,52,34,0,0
54,50,30,0,0
53,50,28,0,0
52,50,27,0,0
52,48,25,0,0
52,48,22,0,0
53,48,21,0,0
54,49,20,0,0
52,47,17,0,0
53,48,14,0,0
52,48,15,0,0
52,45,13,0,0
53,48,14,0,0
54,48,16,0,0
52,48,16,0,0
53,49,19,0,0
54,50,22,0,0
54,51,24,0,0
53,50,24,0,0
54,52,28,0,0
52,53,28,0,0
54,52,30,0,0
54,53,34,0,0
54,53,36,0,0
54,56,36,0,0
52,55,38,0,0
54,57,40,0,0
54,57,42,0,0
53,56,44,0,0
53,58,46,0,0
54,59,49,0,0
52,60,51,0,0
53,61,52,0,0
53,60,55,0,0
52,61,56,0,0
54,63,58,0,0
54,63,62,0,0
54,63,62,0,0
60,63,65,0,0
62,65,66,0,0
62,65,70,0,0
62,67,72,1,0
62,65,73,1,0
64,67,74,1,0
64,69,78,1,0
66,69,80,1,0
68,70,81,1,0
68,71,82,1,0
70,69,84,1,0
61,70,88,1,0
63,71,90,1,0
64,73,91,1,0
65,74,92,1,0
67,74,95,1,0
66,74,97,1,0
69,74,98,1,0
69,77,102,1,0
69,75,102,1,0
70,76,104,1,0
72,78,107,1,0
74,77,109,1,0
74,80,111,1,0
74,79,113,1,0
75,79,116,1,0
76,81,118,1,0
78,80,120,1,0
80,81,120,1,0
81,82,123,1,0
81,83,126,0,0
79,85,127,0,0
80,86,130,0,0
80,85,131,0,0
81,87,134,0,0
80,86,136,0,0
80,86,132,0,0
79,88,132,0,0
80,87,130,0,0
81,87,126,0,0
79,87,126,0,0
79,85,122,0,0
80,85,122,0,0
79,86,119,0,0
81,86,117,0,0
80,85,116,0,0
81,85,112,0,0
81,85,110,0,0
81,87,108,0,0
81,86,108,0,0
79,84,106,0,0
81,85,102,0,0
79,84,100,0,0
79,85,100,0,0
81,85,96,0,0
79,84,96,0,0
81,86,94,0,0
79,84,90,0,0
80,86,88,0,0
80,83,88,0,0
81,83,84,0,0
80,83,84,0,0
81,84,80,0,0
81,85,79,0,0
81,84,78,0,0
79,84,75,0,0
79,84,72,0,0
81,85,70,0,0
81,83,69,0,0
79,85,67,0,0
80,84,66,0,0
81,82,62,0,0
81,82,62,0,0
81,82,59,0,0
80,82,56,0,0
80,83,56,0,0
81,83,53,0,0
80,82,50,0,0
81,82,49,0,0
79,83,47,0,0
81,82,44,0,0
81,83,44,0,0
79,83,42,0,0
81,82,40,0,0
81,81,36,0,0
81,81,35,0,0
81,81,34,0,0
79,82,30,0,0
80,82,29,0,0
81,83,26,0,0
81,81,24,0,0
81,82,24,0,0
80,80,22,0,0
80,80,20,0,0
81,82,18,0,0
81,81,14,0,0
80,81,14,0,0
80,81,13,0,0
79,80,9,0,0
81,80,13,0,0
81,79,15,0,0
79,80,16,0,0
79,79,16,0,0
79,77,18,0,0
79,78,20,0,0
79,77,23,0,0
80,76,24,0,0
81,74,28,0,0
81,74,28,0,0
80,73,32,0,0
78,72,34,0,1
77,71,35,0,1
78,73,36,0,1
77,70,40,0,1
74,69,41,0,1
73,69,43,0,1
72,69,46,0,1
72,68,47,0,1
71,68,50,0,1
71,66,50,0,1
69,66,53,0,1
67,66,56,0,1
68,65,58,0,1
65,65,60,0,1
66,65,60,0,1
65,62,63,0,1
62,62,64,0,1
62,63,68,0,1
62,61,69,0,1
60,60,71,0,1
60,61,72,0,1
58,58,76,0,1
57,58,77,0,1
56,58,78,0,1
55,57,82,0,1
54,57,82,0,1
54,56,86,0,1
51,56,88,0,1
50,55,89,0,1
51,54,92,0,1
50,53,93,0,1
49,54,96,0,1
48,52,98,0,1
46,52,99,0,1
45,50,100,0,1
44,51,103,0,1
42,50,104,0,1
41,48,106,0,1
40,48,110,0,1
41,47,111,0,1
39,46,112,0,1
37,45,114,0,1
36,46,118,0,1
35,45,120,0,1
36,43,121,0,1
33,44,122,0,1
34,42,124,0,1
39,42,128,0,1
39,41,128,0,1
37,40,131,0,1
38,41,134,0,1
38,38,134,0,0
38,40,132,0,0
38,40,132,0,0
36,41,130,0,0
37,42,128,0,0
38,42,124,0,0
36,40,124,0,0
38,41,121,0,0
36,42,120,0,0
36,42,118,0,0
38,41,116,0,0
36,43,112,0,0
38,43,110,0,0
37,43,110,0,0
37,42,108,0,0
37,43,105,0,0
38,44,103,0,0
37,44,100,0,0
36,45,100,0,0
36,46,96,0,0
38,44,96,0,0
36,44,93,0,0
36,47,90,0,0
37,46,88,0,0
37,45,86,0,0
37,48,85,0,0
38,47,84,0,0
38,47,81,0,0
38,47,78,0,0
38,49,76,0,0
37,48,74,0,0
37,48,74,0,0
36,47,71,0,0
36,49,69,0,0
36,49,67,0,0
38,50,65,0,0
36,50,62,0,0
36,50,61,0,0
37,50,58,0,0
38,50,58,0,0
36,52,56,0,0
37,50,52,0,0
36,51,51,0,0
36,53,49,0,0
37,51,48,0,0
36,53,45,0,0
38,51,42,0,0
38,52,42,0,0
37,54,39,0,0
37,52,36,0,0
37,54,34,0,0
37,55,33,1,0
39,54,30,1,0
40,54,28,1,0
42,54,26,1,0
43,55,24,1,0
42,54,22,1,0
43,57,21,1,0
44,56,19,1,0
47,55,17,1,0
46,57,16,1,0
48,56,13,1,0
48,58,12,1,0
49,56,8,1,0
50,59,12,1,0
53,59,15,1,0
54,60,14,1,0
53,60,16,1,0
55,61,20,1,0
55,62,20,1,0
58,61,24,1,0
59,62,26,1,0
60,63,27,1,0
60,63,28,1,0
61,64,32,1,0
61,64,34,1,0
62,65,36,1,0
63,66,36,1,0
66,68,38,1,0
66,67,40,1,0
68,67,42,1,0
60,70,46,1,0
61,69,47,1,0
61,70,50,1,0
62,71,51,1,0
64,72,54,1,0
65,71,55,1,0
65,73,58,1,0
67,73,58,1,0
69,75,61,1,0
70,75,63,1,0
69,75,65,1,0
70,77,67,1,0
72,76,68,1,0
74,78,72,1,0
74,79,73,1,0
74,78,75,1,0
77,80,76,1,0
76,79,79,1,0
77,82,81,1,0
80,82,82,1,0
80,81,85,1,0
82,82,87,1,0
83,84,89,1,0
82,84,90,1,0
85,86,92,1,0
83,85,96,0,0
83,86,97,0,0
83,87,99,0,0
84,87,101,0,0
83,88,103,0,0
85,90,105,0,0
83,90,107,0,0
85,91,109,0,0
84,92,110,0,0
85,91,114,0,0
83,93,115,0,0
85,94,116,0,0
83,92,119,0,0
84,95,121,0,0
91,94,124,0,0
92,96,124,0,0
93,95,126,0,0
92,96,130,0,0
91,98,131,0,0
92,98,134,0,0
92,100,136,0,0
91,99,134,0,0
92,99,132,0,0
93,99,130,0,0
92,99,127,0,0
93,99,124,0,0
93,98,123,0,0
93,98,122,0,0
92,99,119,0,0
93,97,116,0,0
93,98,116,0,0
93,99,113,0,0
93,96,112,0,0
93,97,110,0,0
93,96,107,0,0
91,98,105,0,0
93,98,102,0,0
92,98,102,0,0
91,96,99,0,0
93,96,98,0,0
91,96,95,0,0
93,97,93,0,0
93,95,92,0,0
93,95,89,0,0
92,95,86,0,0
91,96,84,0,0
93,95,82,0,0
91,96,82,0,0
93,97,79,0,0
91,96,78,0,0
91,96,75,0,0
92,97,74,0,0
91,97,72,0,0
91,95,68,0,0
93,96,67,0,0
91,96,66,0,0
92,95,62,0,0
93,96,62,0,0
93,95,58,0,0
91,96,57,0,0
92,96,55,0,0
93,95,53,0,0
92,95,50,0,0
91,96,50,0,0
92,93,47,0,0
93,93,45,0,0
93,94,43,0,0
91,94,40,0,0
91,94,40,0,0
91,94,38,0,0
91,93,36,0,0
93,95,33,0,0
91,94,32,0,0
92,93,28,0,0
91,93,27,0,0
85,93,25,0,0
83,93,23,0,0
85,94,22,0,0
83,94,18,0,0
83,93,16,0,0
85,93,14,0,0
85,92,14,0,0
83,93,13,0,0
84,94,10,0,0
85,91,12,0,0
83,92,13,0,0
84,91,16,0,0
83,88,17,0,0
84,87,19,0,0
84,88,22,0,1
81,87,23,0,1
81,86,25,0,1
79,86,26,0,1
80,83,30,0,1
79,84,30,0,1
77,84,34,0,1
77,83,34,0,1
75,80,36,0,1
73,80,39,0,1
73,79,42,0,1
73,78,43,0,1
70,76,44,0,1
69,76,46,0,1
68,76,49,0,1
68,75,52,0,1
67,75,54,0,1
66,73,55,0,1
65,71,56,0,1
65,71,59,0,1
62,72,60,0,1
61,71,62,0,1
62,68,65,0,1
59,67,66,0,1
58,67,70,0,1
59,67,70,0,1
57,66,74,0,1
56,64,75,0,1
54,65,78,0,1
53,63,78,0,1
52,63,82,0,1
52,62,82,0,1
52,61,84,0,1
59,61,87,0,1
58,58,90,0,1
57,57,90,0,1
56,58,94,0,1
55,55,96,0,1
53,57,98,0,1
51,54,98,0,1
50,54,100,0,1
49,52,102,0,1
48,51,106,0,1
48,52,108,0,1
48,51,110,0,1
45,50,110,0,1
44,48,112,0,1
45,49,115,0,1
44,46,116,0,1
42,46,120,0,1
43,45,120,0,0
41,44,122,0,0
41,44,126,0,0
43,42,127,0,0
35,43,129,0,0
33,40,130,0,0
33,39,134,0,0
34,38,136,0,0
34,41,132,0,0
35,40,132,0,0
34,40,130,0,0
35,41,128,0,0
33,41,124,0,0
35,42,122,0,0
35,41,121,0,0
34,43,119,0,0
34,42,116,0,0
33,43,114,0,0
33,42,113,0,0
34,42,110,0,0
33,44,110,0,0
35,43,106,0,0
35,43,104,0,0
42,43,102,0,0
42,45,102,0,0
41,44,100,0,0
41,46,96,0,0
42,44,94,0,0
43,44,93,0,0
41,47,92,0,0
43,46,90,0,0
42,46,88,0,0
43,47,86,0,0
41,48,84,0,0
41,47,82,0,0
41,46,80,0,0
41,47,78,0,0
41,48,74,0,0
41,47,73,0,0
43,49,71,0,0
43,50,70,0,0
43,49,66,0,0
42,48,66,0,0
42,51,64,0,0
41,49,62,0,0
41,50,60,0,0
42,50,56,0,0
41,52,56,0,0
42,51,52,0,0
41,50,52,0,0
43,52,50,0,0
43,52,46,0,0
41,53,46,0,0
42,51,43,0,0
41,53,42,0,0
43,54,39,0,0
42,53,36,0,0
43,54,34,0,0
42,54,34,0,0
43,55,30,0,0
43,54,29,0,0
43,55,28,0,0
43,55,26,0,0
42,56,22,0,0
41,56,22,0,0
41,55,20,0,0
42,55,16,0,0
43,57,16,0,0
41,57,13,0,0
43,57,13,0,0
41,57,14,0,0
43,59,16,0,0
43,58,18,0,0
43,60,20,0,0
41,59,20,0,0
42,60,24,1,0
43,63,26,1,0
44,62,27,1,0
45,64,28,1,0
48,64,31,1,0
48,65,32,1,0
49,66,36,1,0
49,66,36,1,0
50,66,38,1,0
51,68,40,1,0
53,68,42,1,0
53,69,44,1,0
56,68,47,1,0
57,70,49,1,0
56,70,51,1,0
59,70,53,1,0
60,71,55,1,0
61,71,56,1,0
61,72,58,1,0
62,73,62,1,0
63,73,64,1,0
65,75,66,1,0
66,76,67,1,0
66,77,68,1,0
66,78,71,1,0
69,77,73,1,0
68,78,74,1,0
71,79,76,1,0
72,78,79,1,0
71,80,81,1,0
72,80,84,1,0
73,82,84,1,0
76,83,88,1,0
75,82,89,1,0
77,82,92,1,0
79,83,92,1,0
80,84,94,1,0
79,84,98,1,0
81,85,100,1,0
83,86,100,1,0
82,88,102,1,0
85,89,104,1,0
85,89,108,1,0
86,88,110,1,0
87,91,111,1,0
87,91,114,1,0
88,92,114,1,0
90,93,117,1,0
90,91,118,1,0
85,94,122,1,0
86,94,123,1,0
85,94,125,1,0
86,94,126,1,0
87,97,129,1,0
89,95,131,1,0
88,96,133,0,0
90,98,134,0,0
88,97,134,0,0
90,98,132,0,0
90,98,130,0,0
90,98,127,0,0
97,99,124,0,0
98,100,123,0,0
96,99,120,0,0
98,100,119,0,0
96,100,118,0,0
97,99,116,0,0
97,101,112,0,0
96,101,111,0,0
96,101,110,0,0
96,103,107,0,0
97,101,104,0,0
98,101,104,0,0
97,102,100,0,0
98,102,99,0,0
98,104,96,0,0
97,102,96,0,0
97,103,92,0,0
97,104,92,0,0
96,105,90,0,0
96,105,87,0,0
97,105,85,0,0
97,106,84,0,0
98,105,81,0,0
98,105,78,0,0
97,105,78,0,0
98,105,74,0,0
97,106,73,0,0
