1519
0.73 1.41 0
0 0 0 0
0.72 1.43 1.42
0 0 0 0
0.72 1.43 1.43
0 0 0 0
0.71 1.42 1.38
0 0 0 0
0.72 1.42 1.38
0 0 0 1
0.73 1.41 1.36
0 0 0 1
0.72 1.39 1.33
0 0 0 0
0.73 1.4 1.31
0 0 0 0
0.71 1.4 1.29
0 0 0 0
0.72 1.4 1.28
0 0 0 0
0.64 1.39 1.24
0 0 0 0
0.65 1.41 1.24
0 0 0 0
0.64 1.39 1.22
0 0 0 0
0.63 1.39 1.18
0 0 0 0
0.64 1.41 1.16
0 0 0 0
0.63 1.41 1.16
0 0 0 0
0.63 1.4 1.12
0 0 0 0
0.64 1.4 1.12
0 0 0 0
0.65 1.4 1.08
0 0 0 0
0.64 1.41 1.08
0 0 0 0
0.64 1.4 1.06
0 0 0 0
0.63 1.4 1.04
0 0 0 0
0.63 1.39 1.02
0 0 0 0
0.63 1.39 0.98
0 0 0 0
0.64 1.4 0.98
0 0 0 0
0.65 1.4 0.95
0 0 0 0
0.65 1.41 0.92
0 0 0 0
0.65 1.39 0.9
0 0 0 0
0.64 1.4 0.89
0 0 0 0
0.65 1.41 0.88
0 0 0 0
0.64 1.41 0.84
0 0 0 0
0.64 1.41 0.84
0 0 0 0
0.63 1.41 0.82
0 0 0 0
0.65 1.41 0.78
0 0 0 0
0.65 1.41 0.78
0 0 0 0
0.65 1.4 0.76
0 0 0 0
0.65 1.4 0.73
0 0 0 0
0.65 1.4 0.72
0 0 0 0
0.65 1.4 0.68
0 0 0 0
0.65 1.39 0.66
0 0 0 0
0.64 1.39 0.66
0 0 1 0
0.63 1.4 0.63
0 0 1 0
0.6 1.39 0.62
0 0 1 0
0.61 1.41 0.59
0 0 1 0
0.58 1.39 0.57
0 0 1 0
0.57 1.39 0.54
0 0 1 0
0.58 1.41 0.54
0 0 1 0
0.56 1.39 0.5
0 0 1 0
0.54 1.39 0.5
0 0 1 0
0.54 1.39 0.46
0 0 1 0
0.54 1.41 0.44
0 0 1 0
0.53 1.39 0.44
0 0 1 0
0.51 1.39 0.42
0 0 1 0
0.49 1.39 0.38
0 0 1 0
0.51 1.4 0.37
0 0 0 0
0.51 1.41 0.35
0 0 0 0
0.49 1.4 0.34
0 0 0 0
0.51 1.41 0.32
0 0 0 0
0.49 1.4 0.28
0 0 0 0
0.49 1.41 0.27
0 0 0 0
0.5 1.41 0.24
0 0 0 0
0.5 1.41 0.23
0 0 0 0
0.49 1.4 0.22
0 0 0 0
0.5 1.41 0.18
0 0 0 0
0.5 1.41 0.17
0 0 0 0
0.51 1.4 0.14
0 0 0 0
0.49 1.4 0.15
0 0 0 0
0.51 1.4 0.16
0 0 0 0
0.51 1.39 0.16
0 0 0 0
0.49 1.39 0.19
0 0 0 0
0.5 1.41 0.21
0 0 0 0
0.51 1.39 0.22
0 0 0 0
0.51 1.4 0.26
0 0 0 0
0.5 1.39 0.27
0 0 0 0
0.5 1.4 0.3
0 0 0 0
0.49 1.39 0.31
0 0 0 0
0.5 1.41 0.32
0 0 0 0
0.49 1.41 0.36
0 0 0 0
0.5 1.41 0.38
0 0 0 0
0.51 1.39 0.38
0 0 0 0
0.5 1.41 0.42
0 0 0 0
0.49 1.4 0.42
0 0 0 0
0.49 1.4 0.44
0 0 0 0
0.49 1.39 0.46
0 0 0 0
0.51 1.4 0.5
0 0 0 0
0.51 1.41 0.5
0 1 0 0
0.52 1.39 0.52
0 1 0 0
0.54 1.41 0.54
0 1 0 0
0.54 1.4 0.56
0 1 0 0
0.56 1.39 0.58
0 1 0 0
0.57 1.41 0.6
0 1 0 0
0.56 1.41 0.64
0 1 0 0
0.57 1.39 0.65
0 1 0 0
0.59 1.4 0.67
0 1 0 0
0.61 1.4 0.68
0 1 0 0
0.62 1.39 0.72
0 1 0 0
0.61 1.41 0.73
0 1 0 0
0.63 1.4 0.75
0 1 0 0
0.65 1.39 0.78
0 1 0 0
0.64 1.41 0.78
0 1 0 0
0.66 1.41 0.82
0 1 0 0
0.67 1.39 0.84
0 1 0 0
0.67 1.4 0.84
0 1 0 0
0.68 1.39 0.88
0 0 0 0
0.67 1.41 0.89
0 0 0 0
0.68 1.41 0.9
0 0 0 0
0.68 1.4 0.94
0 0 0 0
0.67 1.41 0.95
0 0 0 0
0.69 1.41 0.97
0 0 0 0
0.68 1.41 0.99
0 0 0 0
0.69 1.39 1.01
0 0 0 0
0.69 1.41 1.04
0 0 0 0
0.67 1.41 1.05
0 0 0 0
0.68 1.41 1.07
0 0 0 0
0.67 1.39 1.1
0 0 0 0
0.77 1.41 1.11
0 0 0 0
0.77 1.4 1.14
0 0 0 0
0.77 1.41 1.16
0 0 0 0
0.75 1.41 1.18
0 0 0 0
0.77 1.4 1.19
0 0 0 0
0.75 1.4 1.22
0 0 0 0
0.75 1.41 1.23
0 0 0 0
0.77 1.41 1.26
0 0 0 0
0.76 1.39 1.28
0 1 0 0
0.78 1.4 1.28
0 1 0 0
0.79 1.4 1.3
0 1 0 0
0.8 1.4 1.34
0 1 0 0
0.81 1.4 1.31
0 1 0 0
0.82 1.4 1.29
0 1 0 0
0.82 1.4 1.26
0 1 0 0
0.75 1.41 1.25
0 1 0 0
0.75 1.41 1.22
0 0 0 0
0.75 1.4 1.22
0 0 0 0
0.77 1.41 1.18
0 0 0 0
0.77 1.41 1.16
0 0 0 0
0.77 1.39 1.15
0 0 0 0
0.75 1.4 1.12
0 0 0 0
0.77 1.39 1.12
0 0 0 0
0.77 1.41 1.08
0 0 0 0
0.75 1.39 1.08
0 0 0 0
0.75 1.39 1.06
0 0 0 0
0.77 1.41 1.04
0 0 0 0
0.75 1.41 1.02
0 0 0 0
0.76 1.4 0.99
0 0 0 0
0.77 1.4 0.96
0 0 0 0
0.77 1.4 0.96
0 0 0 0
0.76 1.41 0.93
0 0 0 0
0.77 1.41 0.92
0 0 0 0
0.76 1.4 0.89
0 0 0 0
0.77 1.39 0.86
0 0 0 0
0.77 1.39 0.85
0 0 0 0
0.77 1.39 0.82
0 0 0 0
0.76 1.4 0.82
0 0 0 0
0.75 1.39 0.79
0 0 0 0
0.75 1.41 0.76
0 0 0 0
0.76 1.41 0.76
0 0 0 0
0.75 1.4 0.74
0 0 0 0
0.75 1.4 0.72
0 0 0 0
0.77 1.39 0.7
0 0 0 0
0.77 1.41 0.68
0 0 0 0
0.77 1.41 0.64
0 0 0 0
0.76 1.4 0.63
0 0 0 0
0.77 1.4 0.6
0 0 0 0
0.77 1.41 0.58
0 0 0 0
0.77 1.41 0.58
0 0 0 0
0.77 1.4 0.56
0 0 0 0
0.76 1.41 0.53
0 0 1 0
0.75 1.41 0.52
0 0 1 0
0.74 1.41 0.5
0 0 1 0
0.73 1.41 0.46
0 0 1 0
0.71 1.41 0.46
0 0 1 0
0.7 1.39 0.44
0 0 1 0
0.68 1.39 0.41
0 0 1 0
0.68 1.4 0.38
0 0 1 0
0.67 1.39 0.36
0 0 1 0
0.67 1.41 0.36
0 0 1 0
0.66 1.39 0.33
0 0 1 0
0.64 1.41 0.31
0 0 1 0
0.62 1.41 0.29
0 0 1 0
0.62 1.4 0.26
0 0 1 0
0.61 1.39 0.24
0 0 1 0
0.59 1.39 0.22
0 0 1 0
0.58 1.39 0.22
0 0 1 0
0.58 1.41 0.18
0 0 1 0
0.58 1.4 0.17
0 0 1 0
0.57 1.4 0.14
0 1 0 0
0.59 1.4 0.14
0 0 0 0
0.57 1.39 0.12
0 0 0 0
0.58 1.39 0.08
0 0 0 0
0.57 1.41 0.11
0 0 0 0
0.57 1.39 0.13
0 0 0 0
0.57 1.41 0.14
0 0 0 0
0.59 1.41 0.18
0 0 0 0
0.59 1.41 0.19
0 0 0 0
0.59 1.41 0.2
0 0 0 0
0.57 1.41 0.24
0 0 0 0
0.58 1.4 0.25
0 0 0 0
0.57 1.41 0.27
0 0 0 0
0.59 1.41 0.3
0 0 0 0
0.57 1.41 0.32
0 0 0 0
0.57 1.39 0.34
0 0 0 0
0.59 1.4 0.36
0 0 0 0
0.59 1.4 0.36
0 0 0 0
0.58 1.39 0.4
0 0 0 0
0.57 1.39 0.41
0 0 0 0
0.59 1.4 0.43
0 0 0 0
0.66 1.39 0.46
0 0 0 0
0.67 1.4 0.48
0 0 0 0
0.66 1.4 0.49
0 0 0 0
0.65 1.4 0.51
0 0 0 0
0.67 1.39 0.54
0 0 0 0
0.65 1.41 0.55
0 0 0 0
0.67 1.41 0.56
0 0 0 0
0.65 1.41 0.59
0 0 0 0
0.67 1.39 0.62
0 0 0 0
0.66 1.41 0.62
0 0 0 0
0.68 1.4 0.65
0 1 0 0
0.69 1.39 0.66
0 1 0 0
0.7 1.4 0.69
0 1 0 0
0.69 1.39 0.71
0 1 0 0
0.72 1.41 0.73
0 1 0 0
0.72 1.39 0.75
0 1 0 0
0.72 1.4 0.77
0 1 0 0
0.74 1.4 0.79
0 1 0 0
0.76 1.41 0.82
0 1 0 0
0.76 1.39 0.83
0 1 0 0
0.78 1.4 0.85
0 1 0 0
0.78 1.39 0.87
0 1 0 0
0.8 1.39 0.89
0 1 0 0
0.79 1.4 0.91
0 1 0 0
0.81 1.39 0.93
0 1 0 0
0.81 1.39 0.96
0 1 0 0
0.84 1.39 0.97
0 1 0 0
0.84 1.41 1
0 1 0 0
0.86 1.4 1.01
0 1 0 0
0.87 1.39 1.02
0 1 0 0
0.88 1.39 1.05
0 1 0 0
0.79 1.4 1.08
0 1 0 0
0.8 1.39 1.08
0 0 0 0
0.87 1.41 1.12
0 0 0 0
0.89 1.39 1.14
0 0 0 0
0.89 1.41 1.14
0 0 0 0
0.89 1.4 1.17
0 0 0 0
0.87 1.39 1.18
0 0 0 0
0.89 1.39 1.22
0 0 0 0
0.89 1.41 1.22
0 0 0 0
0.89 1.41 1.24
0 0 0 0
0.88 1.41 1.27
0 0 0 0
0.87 1.41 1.28
0 0 0 0
0.87 1.41 1.32
0 0 0 0
0.89 1.39 1.32
0 0 0 0
0.87 1.41 1.32
0 0 0 0
0.87 1.4 1.3
0 0 0 0
0.87 1.4 1.28
0 0 0 0
0.87 1.4 1.24
0 0 0 0
0.89 1.39 1.23
0 0 0 0
0.89 1.39 1.2
0 0 0 0
0.87 1.4 1.18
0 0 0 0
0.87 1.41 1.18
0 0 0 0
0.87 1.39 1.15
0 0 0 0
0.89 1.39 1.13
0 0 0 0
0.87 1.4 1.11
0 0 0 0
0.87 1.41 1.1
0 0 0 0
0.89 1.41 1.06
0 0 0 0
0.89 1.39 1.04
0 0 0 0
0.87 1.39 1.02
0 0 0 0
0.88 1.39 1.02
0 0 0 0
0.89 1.4 0.99
0 0 0 0
0.89 1.4 0.97
0 0 0 0
0.88 1.4 0.96
0 0 0 0
0.88 1.4 0.92
0 0 0 0
0.87 1.41 0.91
0 0 0 0
0.89 1.39 0.88
0 0 0 0
0.89 1.39 0.86
0 0 0 0
0.88 1.41 0.85
0 0 0 0
0.88 1.39 0.83
0 0 0 0
0.89 1.41 0.82
0 0 0 0
0.88 1.41 0.79
0 0 0 0
0.88 1.41 0.78
0 0 0 0
0.89 1.41 0.76
0 0 0 0
0.88 1.4 0.73
0 0 0 0
0.88 1.4 0.7
0 0 0 0
0.87 1.4 0.69
0 0 0 0
0.89 1.41 0.67
0 1 0 0
0.91 1.39 0.66
0 1 0 0
0.9 1.4 0.64
0 1 0 0
0.92 1.4 0.6
0 1 0 0
0.93 1.39 0.58
0 1 0 0
0.93 1.41 0.58
0 1 0 0
0.94 1.4 0.55
0 1 0 0
0.97 1.39 0.54
0 1 0 0
0.98 1.41 0.52
0 1 0 0
0.97 1.4 0.49
0 1 0 0
1 1.39 0.47
0 1 0 0
1 1.41 0.45
0 1 0 0
0.99 1.39 0.42
0 0 0 0
1 1.41 0.42
0 0 0 0
1 1.4 0.38
0 0 0 0
1 1.4 0.38
0 0 0 0
1 1.41 0.34
0 0 0 0
0.99 1.41 0.33
0 0 0 0
0.99 1.4 0.32
0 0 0 0
0.99 1.39 0.28
0 0 0 0
0.99 1.41 0.26
0 0 0 0
1 1.39 0.24
0 0 0 0
0.99 1.41 0.22
0 0 0 0
0.99 1.39 0.2
0 0 0 0
1.01 1.41 0.2
0 0 0 0
0.99 1.4 0.16
0 0 0 0
1.01 1.41 0.14
0 0 0 0
1 1.39 0.14
0 0 0 0
1.01 1.4 0.11
0 0 0 0
1 1.41 0.08
0 0 0 0
1.01 1.41 0.11
0 0 0 0
1.01 1.4 0.14
0 0 0 0
1.01 1.41 0.15
0 0 0 0
0.99 1.41 0.17
0 0 0 0
1 1.39 0.19
0 0 0 0
0.99 1.4 0.22
0 0 0 0
1 1.4 0.24
0 0 0 0
0.99 1.41 0.24
0 0 0 0
1 1.41 0.28
0 0 0 0
1 1.4 0.29
0 0 0 0
1.01 1.39 0.32
0 0 0 0
0.99 1.4 0.32
0 0 0 0
1 1.4 0.36
0 0 0 0
0.99 1.41 0.38
0 0 0 0
1.01 1.4 0.38
0 0 0 0
0.98 1.41 0.42
0 0 1 0
0.97 1.39 0.42
0 0 1 0
0.96 1.39 0.44
0 0 1 0
0.95 1.41 0.48
0 0 1 0
0.94 1.4 0.49
0 0 1 0
0.94 1.4 0.5
0 0 1 0
0.92 1.4 0.53
0 0 1 0
0.92 1.4 0.56
0 0 1 0
0.9 1.4 0.58
0 0 1 0
0.9 1.41 0.58
0 0 1 0
0.89 1.41 0.6
0 0 1 0
0.88 1.39 0.63
0 0 1 0
0.88 1.4 0.66
0 0 1 0
0.87 1.4 0.68
0 0 1 0
0.84 1.4 0.69
0 0 1 0
0.84 1.39 0.7
0 0 1 0
0.84 1.41 0.74
0 0 1 0
0.81 1.39 0.75
0 0 1 0
0.81 1.41 0.77
0 0 1 0
0.8 1.39 0.78
0 0 1 0
0.78 1.41 0.8
0 0 1 0
0.77 1.4 0.83
0 0 1 0
0.78 1.39 0.86
0 0 1 0
0.77 1.4 0.87
0 0 1 0
0.76 1.4 0.88
0 0 1 0
0.74 1.39 0.91
0 0 1 0
0.74 1.39 0.93
0 0 1 0
0.73 1.4 0.95
0 0 1 0
0.71 1.41 0.97
0 0 1 0
0.69 1.4 0.99
0 0 1 0
0.68 1.41 1.02
0 0 1 0
0.68 1.41 1.02
0 0 1 0
0.66 1.41 1.05
0 0 1 0
0.67 1.41 1.08
0 0 1 0
0.65 1.41 1.08
0 0 1 0
0.64 1.39 1.11
0 0 1 0
0.62 1.39 1.14
0 0 1 0
0.62 1.41 1.14
0 0 1 0
0.61 1.4 1.16
0 0 1 0
0.61 1.4 1.2
0 0 1 0
0.6 1.41 1.22
0 0 1 0
0.58 1.4 1.23
0 0 1 0
0.59 1.4 1.25
0 0 0 0
0.57 1.4 1.26
0 0 0 0
0.57 1.41 1.3
0 0 0 0
0.58 1.41 1.3
0 0 0 0
0.57 1.39 1.32
0 0 0 0
0.59 1.39 1.3
0 0 0 0
0.58 1.4 1.29
0 0 0 0
0.59 1.4 1.27
0 0 0 0
0.59 1.39 1.24
0 0 0 0
0.58 1.4 1.24
0 0 0 0
0.59 1.4 1.2
0 0 0 0
0.58 1.41 1.2
0 0 0 0
0.59 1.39 1.18
0 0 0 0
0.59 1.41 1.16
0 0 0 0
0.59 1.4 1.12
0 0 0 0
0.58 1.4 1.1
0 0 0 0
0.58 1.41 1.1
0 0 0 0
0.49 1.4 1.06
0 0 0 0
0.5 1.39 1.05
0 0 0 0
0.49 1.4 1.02
0 0 0 0
0.51 1.41 1.02
0 0 0 0
0.5 1.4 1
0 0 0 0
0.49 1.39 0.98
0 0 0 0
0.49 1.39 0.96
0 0 0 0
0.49 1.4 0.92
0 0 0 0
0.49 1.41 0.92
0 0 0 0
0.5 1.39 0.89
0 0 0 0
0.49 1.4 0.86
0 0 0 0
0.49 1.39 0.85
0 0 0 0
0.51 1.4 0.82
0 0 0 0
0.49 1.39 0.8
0 0 0 0
0.49 1.4 0.79
0 0 0 0
0.51 1.41 0.77
0 0 0 0
0.51 1.39 0.76
0 0 0 0
0.5 1.4 0.72
0 0 0 0
0.51 1.41 0.72
0 0 0 0
0.5 1.39 0.68
0 0 0 0
0.49 1.4 0.67
0 0 0 0
0.5 1.41 0.66
0 0 0 0
0.49 1.41 0.63
0 0 0 0
0.5 1.39 0.62
0 0 0 0
0.5 1.39 0.59
0 0 0 0
0.51 1.41 0.57
0 0 0 0
0.5 1.4 0.56
0 0 0 0
0.5 1.41 0.52
0 0 0 0
0.5 1.41 0.5
0 0 0 0
0.5 1.4 0.49
0 0 0 0
0.51 1.39 0.48
0 0 0 0
0.51 1.4 0.45
0 0 0 0
0.5 1.41 0.43
0 0 0 0
0.49 1.39 0.41
0 0 0 0
0.49 1.41 0.4
0 0 0 0
0.5 1.41 0.37
0 0 0 0
0.49 1.4 0.34
0 0 0 0
0.51 1.41 0.33
0 0 0 0
0.49 1.41 0.3
0 0 0 0
0.49 1.4 0.28
0 0 0 0
0.5 1.4 0.26
0 0 0 0
0.5 1.39 0.26
0 0 0 0
0.5 1.41 0.24
0 0 0 0
0.51 1.41 0.2
0 0 0 0
0.51 1.39 0.18
0 0 0 0
0.5 1.39 0.16
0 0 0 0
0.5 1.39 0.15
0 0 0 0
0.5 1.4 0.15
0 0 0 0
0.51 1.4 0.13
0 0 0 0
0.5 1.39 0.08
0 0 0 0
0.51 1.4 0.12
0 0 0 0
0.49 1.39 0.14
0 0 0 0
0.51 1.4 0.15
0 0 0 0
0.5 1.4 0.17
0 0 0 0
0.51 1.39 0.18
0 0 0 0
0.49 1.39 0.2
0 0 0 0
0.49 1.4 0.22
0 0 0 0
0.49 1.41 0.25
0 0 0 0
0.49 1.39 0.27
0 0 0 0
0.51 1.41 0.29
0 0 0 0
0.51 1.41 0.3
0 0 0 0
0.51 1.41 0.33
0 0 0 0
0.5 1.4 0.36
0 0 0 0
0.5 1.4 0.38
0 1 0 0
0.51 1.4 0.38
0 1 0 0
0.52 1.4 0.4
0 1 0 0
0.53 1.41 0.43
0 1 0 0
0.55 1.39 0.46
0 1 0 0
0.56 1.39 0.46
0 1 0 0
0.58 1.39 0.5
0 1 0 0
0.58 1.4 0.52
0 1 0 0
0.59 1.4 0.53
0 1 0 0
0.59 1.41 0.56
0 1 0 0
0.6 1.39 0.57
0 1 0 0
0.61 1.39 0.6
0 1 0 0
0.63 1.4 0.61
0 1 0 0
0.64 1.41 0.63
0 1 0 0
0.65 1.4 0.66
0 1 0 0
0.65 1.41 0.67
0 1 0 0
0.66 1.41 0.69
0 1 0 0
0.67 1.4 0.7
0 1 0 0
0.7 1.39 0.73
0 1 0 0
0.69 1.4 0.75
0 1 0 0
0.7 1.4 0.78
0 1 0 0
0.72 1.41 0.8
0 0 0 0
0.71 1.4 0.81
0 0 0 0
0.7 1.41 0.82
0 0 0 0
0.72 1.39 0.85
0 0 0 0
0.71 1.39 0.88
0 0 0 0
0.72 1.4 0.89
0 0 0 0
0.72 1.4 0.91
0 0 0 0
0.72 1.39 0.93
0 0 0 0
0.71 1.39 0.94
0 0 0 0
0.7 1.41 0.97
0 0 0 0
0.72 1.4 0.99
0 0 0 0
0.72 1.39 1
0 0 0 0
0.7 1.4 1.02
0 0 0 0
0.7 1.4 1.05
0 0 0 0
0.72 1.4 1.06
0 0 0 0
0.71 1.4 1.09
0 0 0 0
0.71 1.39 1.11
0 0 0 0
0.72 1.4 1.13
0 0 0 0
0.71 1.39 1.14
0 0 0 0
0.71 1.39 1.18
0 0 0 0
0.78 1.39 1.19
0 0 0 0
0.78 1.41 1.22
0 0 0 0
0.78 1.41 1.24
0 0 0 0
0.8 1.39 1.24
0 1 0 0
0.79 1.39 1.28
0 0 0 0
0.81 1.41 1.29
0 1 0 0
0.83 1.4 1.32
0 1 0 0
0.83 1.39 1.32
0 1 0 0
0.83 1.4 1.31
0 1 0 0
0.75 1.41 1.29
0 0 0 0
0.75 1.41 1.27
0 0 0 0
0.77 1.39 1.25
0 0 0 0
0.76 1.4 1.23
0 0 0 0
0.76 1.41 1.22
0 0 0 0
0.75 1.41 1.18
0 0 0 0
0.77 1.4 1.18
0 0 0 0
0.76 1.41 1.14
0 0 0 0
0.76 1.39 1.13
0 0 0 0
0.77 1.39 1.12
0 0 0 0
0.76 1.4 1.1
0 0 0 0
0.75 1.41 1.08
0 0 0 0
0.75 1.4 1.04
0 0 0 0
0.76 1.4 1.04
0 0 0 0
0.76 1.41 1.01
0 0 0 0
0.75 1.41 1
0 0 0 0
0.75 1.39 0.96
0 0 0 0
0.75 1.4 0.96
0 0 0 0
0.76 1.39 0.92
0 0 0 0
0.77 1.39 0.91
0 0 0 0
0.77 1.41 0.89
0 0 0 0
0.77 1.41 0.86
0 0 0 0
0.75 1.39 0.84
0 0 0 0
0.76 1.41 0.83
0 0 0 0
0.75 1.39 0.81
0 0 0 0
0.76 1.39 0.8
0 0 0 0
0.75 1.41 0.78
0 0 0 0
0.76 1.41 0.75
0 0 0 0
0.76 1.41 0.74
0 0 0 0
0.76 1.41 0.7
0 0 0 0
0.76 1.41 0.7
0 0 0 0
0.77 1.41 0.68
0 0 0 0
0.77 1.41 0.64
0 0 0 0
0.75 1.39 0.62
0 0 0 0
0.76 1.4 0.61
0 0 0 0
0.76 1.39 0.6
0 0 0 0
0.75 1.4 0.57
0 0 0 0
0.75 1.41 0.56
0 0 0 0
0.76 1.41 0.53
0 0 0 0
0.76 1.4 0.5
0 0 0 0
0.77 1.41 0.48
0 0 0 0
0.77 1.4 0.47
0 0 0 0
0.77 1.41 0.45
0 0 0 0
0.75 1.41 0.42
0 0 0 0
0.76 1.41 0.41
0 0 0 0
0.77 1.39 0.39
0 0 0 0
0.76 1.39 0.36
0 0 0 0
0.75 1.39 0.34
0 0 0 0
0.75 1.41 0.34
0 0 0 0
0.77 1.41 0.31
0 0 0 0
0.75 1.4 0.28
0 0 0 0
0.76 1.4 0.26
0 0 0 0
0.75 1.39 0.24
0 0 0 0
0.76 1.4 0.24
0 0 0 0
0.76 1.41 0.21
0 0 0 0
0.76 1.4 0.19
0 0 0 0
0.77 1.41 0.18
0 0 0 0
0.75 1.39 0.18
0 0 0 0
0.77 1.4 0.2
0 0 0 0
0.76 1.39 0.24
0 0 0 0
0.75 1.4 0.24
0 0 0 0
0.77 1.39 0.27
0 0 0 0
0.75 1.39 0.3
0 0 0 0
0.75 1.41 0.31
0 0 0 0
0.77 1.41 0.32
0 0 0 0
0.77 1.39 0.36
0 0 0 0
0.76 1.39 0.36
0 0 0 0
0.76 1.41 0.39
0 0 0 0
0.76 1.4 0.4
0 0 0 0
0.77 1.39 0.42
0 0 0 0
0.76 1.4 0.46
0 0 0 0
0.75 1.4 0.48
0 0 0 0
0.77 1.4 0.48
0 0 0 0
0.75 1.4 0.51
0 0 0 0
0.76 1.4 0.53
0 0 0 0
0.77 1.39 0.55
0 0 0 0
0.77 1.41 0.58
0 0 0 0
0.76 1.4 0.59
0 0 1 0
0.74 1.39 0.62
0 0 1 0
0.74 1.39 0.62
0 0 1 0
0.71 1.4 0.66
0 0 1 0
0.7 1.41 0.66
0 0 1 0
0.69 1.41 0.7
0 0 1 0
0.7 1.41 0.7
0 0 1 0
0.67 1.39 0.74
0 0 1 0
0.67 1.39 0.75
0 0 1 0
0.65 1.4 0.77
0 0 1 0
0.66 1.39 0.8
0 0 1 0
0.65 1.41 0.82
0 0 1 0
0.63 1.4 0.82
0 0 1 0
0.63 1.41 0.84
0 0 1 0
0.61 1.39 0.88
0 0 1 0
0.61 1.4 0.9
0 0 1 0
0.59 1.39 0.91
0 0 1 0
0.59 1.4 0.92
0 0 1 0
0.56 1.39 0.95
0 0 1 0
0.56 1.39 0.98
0 0 1 0
0.56 1.4 0.99
0 0 1 0
0.55 1.39 1
0 0 1 0
0.54 1.41 1.02
0 0 1 0
0.51 1.41 1.04
0 0 1 0
0.5 1.4 1.06
0 0 1 0
0.51 1.41 1.09
0 0 1 0
0.5 1.4 1.1
0 0 1 0
0.48 1.41 1.13
0 0 1 0
0.47 1.41 1.16
0 0 1 0
0.46 1.39 1.16
0 0 1 0
0.46 1.39 1.2
0 0 0 0
0.47 1.41 1.22
0 0 0 0
0.45 1.4 1.22
0 0 0 0
0.46 1.41 1.24
0 0 0 0
0.46 1.41 1.27
0 0 0 0
0.47 1.41 1.29
0 0 0 0
0.46 1.41 1.3
0 0 0 0
0.46 1.39 1.32
0 0 0 0
0.45 1.39 1.36
0 0 0 0
0.45 1.41 1.32
0 0 0 0
0.45 1.39 1.31
0 0 0 0
0.45 1.39 1.29
0 0 0 0
0.45 1.4 1.28
0 0 0 0
0.45 1.41 1.26
0 0 0 0
0.46 1.4 1.24
0 0 0 0
0.46 1.39 1.21
0 0 0 0
0.47 1.4 1.19
0 0 0 0
0.45 1.39 1.18
0 0 0 0
0.45 1.4 1.14
0 0 0 0
0.47 1.4 1.14
0 0 0 0
0.45 1.41 1.12
0 0 0 0
0.46 1.39 1.1
0 0 0 0
0.47 1.41 1.07
0 0 0 0
0.45 1.39 1.04
0 0 0 0
0.45 1.41 1.03
0 0 0 0
0.47 1.39 1.02
0 0 0 0
0.47 1.41 0.99
0 0 0 0
0.45 1.4 0.98
0 0 0 0
0.45 1.4 0.94
0 0 0 0
0.46 1.41 0.94
0 0 0 0
0.53 1.39 0.92
0 0 0 0
0.54 1.41 0.89
0 0 0 0
0.53 1.41 0.86
0 0 0 0
0.53 1.39 0.84
0 0 0 0
0.53 1.4 0.84
0 0 0 0
0.53 1.41 0.8
0 0 0 0
0.55 1.41 0.79
0 0 0 0
0.54 1.39 0.78
0 0 0 0
0.54 1.4 0.74
0 0 0 0
0.54 1.41 0.72
0 0 0 0
0.54 1.4 0.71
0 0 0 0
0.55 1.41 0.69
0 0 0 0
0.53 1.39 0.67
0 0 0 0
0.53 1.39 0.66
0 0 0 0
0.54 1.41 0.63
0 0 0 0
0.55 1.41 0.6
0 0 0 0
0.55 1.41 0.6
0 0 0 0
0.53 1.41 0.56
0 0 0 0
0.55 1.39 0.56
0 0 0 0
0.54 1.39 0.54
0 0 0 0
0.55 1.41 0.5
0 0 0 0
0.53 1.4 0.48
0 0 0 0
0.55 1.4 0.47
0 0 0 0
0.54 1.41 0.46
0 0 0 0
0.54 1.4 0.44
0 0 0 0
0.55 1.4 0.42
0 0 0 0
0.54 1.39 0.4
0 0 0 0
0.53 1.41 0.38
0 0 0 0
0.54 1.41 0.4
0 0 0 0
0.53 1.39 0.42
0 0 0 0
0.54 1.4 0.44
0 0 0 0
0.55 1.4 0.45
0 0 0 0
0.53 1.4 0.46
0 0 0 0
0.55 1.39 0.48
0 0 0 0
0.55 1.4 0.52
0 0 0 0
0.55 1.39 0.52
0 0 0 0
0.54 1.4 0.55
0 0 0 0
0.54 1.39 0.57
0 0 0 0
0.53 1.41 0.58
0 0 0 0
0.53 1.4 0.62
0 0 0 0
0.53 1.41 0.62
0 0 0 0
0.56 1.4 0.66
0 1 0 0
0.56 1.41 0.66
0 1 0 0
0.58 1.4 0.69
0 1 0 0
0.57 1.4 0.72
0 1 0 0
0.58 1.4 0.73
0 1 0 0
0.59 1.41 0.74
0 1 0 0
0.62 1.4 0.76
0 1 0 0
0.61 1.41 0.79
0 1 0 0
0.64 1.41 0.82
0 1 0 0
0.64 1.4 0.83
0 1 0 0
0.65 1.4 0.84
0 1 0 0
0.65 1.39 0.86
0 1 0 0
0.68 1.41 0.9
0 1 0 0
0.67 1.4 0.91
0 1 0 0
0.69 1.4 0.94
0 1 0 0
0.71 1.41 0.94
0 1 0 0
0.72 1.39 0.98
0 1 0 0
0.72 1.4 0.99
0 1 0 0
0.74 1.39 1.02
0 1 0 0
0.75 1.4 1.02
0 1 0 0
0.74 1.39 1.05
0 1 0 0
0.75 1.4 1.08
0 1 0 0
0.76 1.4 1.1
0 0 0 0
0.76 1.4 1.1
0 0 0 0
0.77 1.39 1.14
0 0 0 0
0.77 1.41 1.16
0 0 0 0
0.77 1.39 1.16
0 0 0 0
0.76 1.41 1.19
0 0 0 0
0.75 1.41 1.22
0 0 0 0
0.77 1.4 1.23
0 0 0 0
0.75 1.41 1.26
0 0 0 0
0.77 1.39 1.27
0 0 0 0
0.77 1.41 1.3
0 0 0 0
0.76 1.39 1.31
0 0 0 0
0.75 1.39 1.32
0 0 0 0
0.77 1.39 1.36
0 0 0 0
0.77 1.39 1.32
0 0 0 0
0.77 1.41 1.3
0 0 0 0
0.76 1.39 1.3
0 0 0 0
0.76 1.39 1.27
0 0 0 0
0.77 1.4 1.24
0 0 0 0
0.77 1.4 1.23
0 0 0 0
0.75 1.39 1.21
0 0 0 0
0.75 1.41 1.2
0 0 0 0
0.75 1.41 1.18
0 0 0 0
0.75 1.39 1.14
0 0 0 0
0.75 1.39 1.13
0 0 0 0
0.77 1.39 1.11
0 0 0 0
0.77 1.41 1.09
0 0 0 0
0.75 1.39 1.07
0 0 0 0
0.76 1.39 1.04
0 0 0 0
0.75 1.4 1.03
0 0 0 0
0.77 1.41 1.01
0 0 0 0
0.75 1.39 1
0 0 0 0
0.77 1.4 0.98
0 0 0 0
0.77 1.41 0.96
0 0 0 0
0.75 1.41 0.92
0 0 0 0
0.77 1.41 0.91
0 0 0 0
0.75 1.41 0.88
0 0 0 0
0.77 1.4 0.87
0 0 0 1
0.76 1.39 0.86
0 1 0 0
0.79 1.39 0.82
0 1 0 0
0.78 1.38 0.8
0 1 0 0
0.79 1.39 0.79
0 1 0 0
0.82 1.39 0.78
0 1 0 0
0.82 1.39 0.76
0 1 0 0
0.83 1.39 0.73
0 1 0 0
0.85 1.39 0.71
0 1 0 0
0.84 1.39 0.69
0 1 0 0
0.86 1.38 0.67
0 1 0 0
0.88 1.4 0.66
0 1 0 0
0.89 1.4 0.64
0 1 0 0
0.88 1.4 0.6
0 1 0 0
0.89 1.4 0.58
0 1 0 0
0.91 1.39 0.59
0 1 0 0
0.92 1.38 0.62
0 1 0 0
0.92 1.4 0.62
0 1 0 0
0.95 1.4 0.62
0 1 0 0
0.95 1.38 0.62
0 1 0 0
0.94 1.39 0.65
0 0 0 0
0.95 1.39 0.65
0 0 0 0
0.96 1.38 0.66
0 0 0 0
0.95 1.39 0.67
0 0 0 0
0.96 1.39 0.68
0 0 0 0
0.96 1.38 0.68
0 0 0 0
0.95 1.4 0.71
0 0 0 0
0.95 1.4 0.7
0 0 0 0
0.95 1.38 0.72
0 0 0 0
0.94 1.4 0.72
0 0 0 0
0.95 1.38 0.76
0 0 0 0
0.96 1.39 0.75
0 0 0 0
0.96 1.38 0.78
0 0 0 0
0.94 1.4 0.77
0 0 0 0
0.95 1.38 0.8
0 0 0 0
0.96 1.4 0.79
0 0 0 0
0.94 1.39 0.8
0 0 0 0
0.95 1.39 0.81
0 0 0 0
0.96 1.4 0.83
0 0 0 0
0.96 1.38 0.82
0 0 0 0
0.96 1.39 0.84
0 0 0 0
0.96 1.4 0.84
0 0 0 0
0.94 1.39 0.87
0 0 0 0
0.96 1.39 0.87
0 0 0 0
0.94 1.39 0.9
0 0 0 0
0.95 1.38 0.9
0 0 0 0
0.94 1.39 0.91
0 0 0 0
0.94 1.4 0.9
0 0 0 0
0.96 1.39 0.94
0 0 0 0
0.94 1.37 0.92
0 0 0 1
0.96 1.36 0.96
0 0 0 1
0.94 1.35 0.95
0 0 0 1
0.95 1.34 0.98
0 0 0 1
0.94 1.33 0.98
0 0 0 1
0.96 1.34 0.98
0 0 0 1
0.95 1.31 0.99
0 0 0 1
0.94 1.31 1.02
0 0 0 1
0.96 1.3 1.02
0 0 0 1
0.96 1.29 1.02
0 0 0 1
0.94 1.29 1.03
0 0 0 1
0.95 1.28 1.06
0 0 0 1
0.94 1.26 1.06
0 0 0 1
0.97 1.27 1.06
0 1 0 0
0.98 1.27 1.07
0 1 0 0
0.99 1.27 1.08
0 1 0 0
1 1.25 1.09
0 1 0 0
0.99 1.26 1.12
0 0 0 1
0.99 1.25 1.12
0 0 0 1
0.98 1.24 1.13
0 0 0 1
0.99 1.21 1.12
0 0 0 1
1 1.21 1.14
0 0 0 1
1 1.21 1.13
0 0 0 1
1 1.2 1.11
0 0 0 1
1 1.19 1.09
0 0 0 1
1 1.18 1.06
0 0 0 1
1 1.15 1.06
0 0 0 1
1 1.15 1.03
0 0 0 1
1 1.13 1
0 0 0 1
0.99 1.13 0.98
0 0 0 1
1 1.11 0.96
0 0 0 1
0.99 1.1 0.96
0 0 0 1
1 1.09 0.92
0 0 0 1
0.99 1.1 0.92
0 0 0 1
1 1.08 0.9
0 0 0 0
0.98 1.1 0.88
0 0 0 0
1 1.1 0.86
0 0 0 0
1 1.1 0.83
0 0 0 0
0.99 1.1 0.82
0 0 0 0
1 1.08 0.79
0 0 0 0
0.98 1.09 0.78
0 0 0 0
0.99 1.1 0.76
0 0 0 0
1 1.09 0.74
0 0 0 0
1 1.1 0.7
0 0 0 0
1 1.09 0.68
0 0 0 0
1 1.08 0.66
0 0 0 0
1 1.08 0.64
0 0 0 0
1 1.1 0.62
0 0 0 0
0.98 1.08 0.62
0 0 0 0
0.98 1.1 0.58
0 0 0 0
1 1.08 0.57
0 0 0 0
0.99 1.08 0.54
0 0 0 0
0.98 1.08 0.54
0 0 0 0
0.99 1.1 0.51
0 0 0 0
0.99 1.1 0.49
0 0 0 0
1 1.09 0.48
0 0 0 0
0.98 1.09 0.46
0 0 0 0
0.98 1.08 0.43
0 0 0 0
0.98 1.09 0.42
0 0 0 0
0.98 1.1 0.4
0 0 0 0
0.99 1.09 0.37
0 0 0 0
1 1.08 0.35
0 0 0 0
0.99 1.09 0.33
0 0 0 0
0.99 1.1 0.31
0 0 0 0
0.99 1.09 0.28
0 0 0 0
1 1.09 0.3
0 0 0 0
0.99 1.09 0.33
0 0 0 0
0.98 1.08 0.36
0 0 0 0
1 1.09 0.37
0 0 0 0
1 1.1 0.38
0 0 0 0
0.99 1.08 0.42
0 0 0 0
1 1.08 0.42
0 0 0 0
0.99 1.1 0.45
0 0 0 0
0.98 1.09 0.48
0 0 0 0
0.99 1.1 0.49
0 0 0 0
0.98 1.1 0.5
0 0 0 0
0.98 1.08 0.54
0 0 1 0
0.96 1.09 0.54
0 0 1 0
0.95 1.09 0.58
0 0 1 0
0.95 1.09 0.59
0 0 1 0
0.95 1.1 0.62
0 0 1 0
0.94 1.08 0.62
0 0 1 0
0.93 1.1 0.65
0 0 1 0
0.91 1.08 0.66
0 0 1 0
0.9 1.09 0.68
0 0 1 0
0.9 1.1 0.72
0 0 1 0
0.87 1.08 0.72
0 0 1 0
0.86 1.09 0.76
0 0 1 0
0.86 1.1 0.77
0 0 1 0
0.84 1.09 0.8
0 0 1 0
0.85 1.09 0.81
0 0 1 0
0.83 1.09 0.84
0 0 1 0
0.81 1.09 0.86
0 0 1 0
0.81 1.08 0.88
0 0 1 0
0.8 1.09 0.89
0 0 1 0
0.79 1.09 0.92
0 0 1 0
0.79 1.09 0.92
0 0 0 0
0.79 1.1 0.96
0 0 0 0
0.78 1.09 0.98
0 0 0 0
0.79 1.1 0.98
0 0 0 0
0.78 1.1 1.02
0 0 0 0
0.8 1.09 1.03
0 0 0 0
0.78 1.09 1
0 0 0 0
0.78 1.1 1
0 0 0 0
0.8 1.09 0.98
0 0 0 0
0.79 1.08 1
0 0 0 0
0.7 1.09 0.97
0 0 0 0
0.71 1.1 0.97
0 0 0 0
0.7 1.08 0.94
0 0 0 0
0.7 1.1 0.96
0 0 0 0
0.7 1.08 0.94
0 0 0 0
0.71 1.08 0.93
0 0 0 0
0.72 1.09 0.9
0 0 0 0
0.72 1.09 0.9
0 0 0 0
0.71 1.09 0.9
0 0 0 0
0.72 1.1 0.88
0 0 0 0
0.71 1.09 0.87
0 0 0 0
0.72 1.08 0.88
0 0 0 0
0.71 1.09 0.86
0 0 0 0
0.72 1.1 0.86
0 0 0 0
0.72 1.08 0.84
0 0 0 0
0.71 1.09 0.82
0 0 0 0
0.7 1.09 0.82
0 0 0 0
0.71 1.09 0.8
0 0 0 0
0.72 1.08 0.79
0 0 0 0
0.71 1.1 0.8
0 0 0 0
0.72 1.09 0.77
0 0 0 0
0.72 1.1 0.77
0 0 0 0
0.71 1.08 0.74
0 0 0 0
0.71 1.08 0.76
0 0 0 0
0.7 1.08 0.73
0 0 0 0
0.71 1.1 0.74
0 0 0 0
0.72 1.08 0.71
0 0 0 0
0.72 1.1 0.71
0 0 0 0
0.72 1.09 0.7
0 0 0 0
0.72 1.08 0.7
0 0 0 0
0.72 1.09 0.67
0 0 0 0
0.7 1.08 0.66
0 0 0 0
0.72 1.1 0.66
0 0 0 0
0.7 1.08 0.64
0 0 0 0
0.71 1.1 0.62
0 0 0 0
0.72 1.08 0.64
0 0 0 0
0.72 1.1 0.6
0 0 0 0
0.72 1.09 0.6
0 0 0 0
0.7 1.1 0.59
0 0 0 0
0.72 1.1 0.58
0 0 0 0
0.72 1.09 0.57
0 0 0 0
0.72 1.1 0.58
0 0 0 0
0.72 1.1 0.55
0 0 0 0
0.72 1.1 0.55
0 0 0 0
0.72 1.09 0.53
0 0 0 0
0.72 1.08 0.53
0 0 0 0
0.7 1.09 0.52
0 0 0 0
0.71 1.08 0.51
0 0 0 0
0.72 1.09 0.49
0 0 0 0
0.71 1.09 0.48
0 0 0 0
0.71 1.09 0.48
0 0 0 0
0.7 1.08 0.47
0 0 0 0
0.72 1.08 0.45
0 0 0 0
0.7 1.08 0.46
0 0 0 0
0.7 1.1 0.42
0 0 0 0
0.71 1.08 0.44
0 0 0 0
0.71 1.08 0.41
0 0 0 0
0.7 1.09 0.41
0 0 0 0
0.72 1.08 0.38
0 0 0 0
0.71 1.1 0.39
0 0 0 0
0.71 1.09 0.36
0 0 0 0
0.71 1.1 0.36
0 0 0 0
0.7 1.09 0.36
0 0 0 0
0.72 1.08 0.36
0 0 0 0
0.72 1.09 0.34
0 0 0 0
0.72 1.08 0.34
0 0 0 0
0.72 1.09 0.32
0 0 0 0
0.7 1.1 0.32
0 0 0 0
0.72 1.1 0.28
0 0 0 0
0.72 1.09 0.28
0 0 0 0
0.71 1.1 0.26
0 0 0 0
0.71 1.09 0.26
0 0 0 0
0.7 1.1 0.25
0 0 0 0
0.72 1.1 0.24
0 0 0 0
0.72 1.09 0.22
0 0 0 0
0.71 1.09 0.22
0 0 0 0
0.72 1.09 0.2
0 0 0 0
0.72 1.09 0.18
0 0 0 0
0.71 1.09 0.2
0 0 0 0
0.7 1.09 0.23
0 0 0 0
0.71 1.08 0.25
0 0 0 0
0.71 1.08 0.27
0 0 0 0
0.71 1.09 0.29
0 0 0 0
0.7 1.08 0.3
0 0 0 0
0.7 1.08 0.34
0 0 0 0
0.72 1.1 0.34
0 0 0 0
0.71 1.09 0.38
0 0 0 0
0.71 1.09 0.39
0 0 0 0
0.72 1.08 0.4
0 0 0 0
0.7 1.09 0.44
0 0 0 0
0.72 1.08 0.44
0 0 0 0
0.72 1.1 0.46
0 0 0 0
0.69 1.09 0.49
0 0 1 0
0.69 1.1 0.52
0 0 1 0
0.69 1.1 0.52
0 0 1 0
0.67 1.09 0.56
0 0 1 0
0.67 1.08 0.58
0 0 1 0
0.66 1.1 0.59
0 0 1 0
0.64 1.1 0.62
0 0 1 0
0.64 1.09 0.63
0 0 1 0
0.62 1.08 0.66
0 0 1 0
0.62 1.1 0.67
0 0 1 0
0.59 1.08 0.68
0 0 1 0
0.6 1.09 0.7
0 0 1 0
0.59 1.09 0.72
0 0 1 0
0.58 1.1 0.76
0 0 1 0
0.55 1.08 0.77
0 0 1 0
0.56 1.08 0.78
0 0 1 0
0.54 1.09 0.8
0 0 1 0
0.53 1.09 0.83
0 0 0 0
0.55 1.1 0.84
0 0 0 0
0.54 1.08 0.88
0 0 0 0
0.54 1.08 0.88
0 0 0 0
0.55 1.09 0.92
0 0 0 0
0.53 1.08 0.93
0 0 0 0
0.54 1.09 0.95
0 0 0 0
0.54 1.09 0.98
0 0 0 0
0.55 1.09 1
0 0 0 0
0.53 1.1 1.01
0 0 0 0
0.55 1.08 1.04
0 0 0 0
0.53 1.08 1.02
0 0 0 0
0.53 1.1 1
0 0 0 0
0.54 1.09 1.01
0 0 0 0
0.55 1.09 1
0 0 0 0
0.55 1.1 0.99
0 0 0 0
0.53 1.08 0.98
0 0 0 0
0.53 1.1 0.97
0 0 0 0
0.55 1.1 0.96
0 0 0 0
0.53 1.08 0.96
0 0 0 0
0.54 1.1 0.92
0 0 0 0
0.55 1.09 0.92
0 0 0 0
0.55 1.1 0.91
0 0 0 0
0.53 1.08 0.92
0 0 0 0
0.55 1.08 0.88
0 0 0 0
0.53 1.08 0.88
0 0 0 0
0.54 1.08 0.87
0 0 0 0
0.54 1.09 0.87
0 0 0 0
0.55 1.1 0.85
0 0 0 0
0.55 1.1 0.85
0 0 0 0
0.54 1.09 0.84
0 0 0 0
0.54 1.08 0.82
0 0 0 0
0.53 1.08 0.82
0 0 0 0
0.54 1.09 0.81
0 0 0 0
0.53 1.1 0.79
0 0 0 0
0.55 1.08 0.79
0 0 0 0
0.53 1.09 0.76
0 0 0 0
0.55 1.08 0.78
0 0 0 0
0.53 1.1 0.75
0 0 0 0
0.55 1.1 0.74
0 0 0 0
0.53 1.08 0.72
0 0 0 0
0.53 1.1 0.73
0 0 0 0
0.54 1.08 0.72
0 0 0 0
0.54 1.09 0.71
0 0 0 0
0.53 1.08 0.68
0 0 0 0
0.54 1.08 0.68
0 0 0 0
0.54 1.08 0.68
0 0 0 0
0.54 1.1 0.66
0 0 0 0
0.54 1.08 0.64
0 0 0 0
0.53 1.1 0.66
0 0 0 0
0.54 1.09 0.62
0 0 0 0
0.54 1.09 0.62
0 0 0 0
0.53 1.09 0.61
0 0 0 0
0.53 1.1 0.6
0 0 0 0
0.54 1.08 0.59
0 0 0 0
0.53 1.09 0.6
0 0 0 0
0.54 1.08 0.58
0 0 0 0
0.54 1.1 0.56
0 0 0 0
0.55 1.09 0.55
0 0 0 0
0.53 1.09 0.56
0 0 0 0
0.55 1.08 0.52
0 0 0 0
0.53 1.1 0.54
0 0 0 0
0.54 1.08 0.5
0 0 0 0
0.55 1.09 0.5
0 0 0 0
0.53 1.08 0.49
0 0 0 0
0.55 1.08 0.49
0 0 0 0
0.54 1.1 0.47
0 0 0 0
0.55 1.09 0.47
0 0 0 0
0.55 1.08 0.44
0 0 0 0
0.54 1.09 0.45
0 0 0 0
0.53 1.09 0.44
0 0 0 0
0.54 1.1 0.44
0 0 0 0
0.54 1.08 0.42
0 0 0 0
0.55 1.08 0.41
0 0 0 0
0.54 1.1 0.4
0 0 0 0
0.55 1.09 0.4
0 0 0 0
0.53 1.08 0.38
0 0 0 0
0.55 1.1 0.37
0 0 0 0
0.54 1.1 0.36
0 0 0 0
0.54 1.09 0.35
0 0 0 0
0.53 1.1 0.34
0 0 0 0
0.53 1.09 0.33
0 0 0 0
0.53 1.08 0.32
0 0 0 0
0.53 1.08 0.31
0 0 0 0
0.55 1.1 0.28
0 0 0 0
0.54 1.09 0.29
0 0 0 0
0.53 1.08 0.28
0 0 0 0
0.54 1.08 0.28
0 0 0 0
0.55 1.1 0.25
0 0 0 0
0.55 1.09 0.25
0 0 0 0
0.54 1.1 0.23
0 0 0 0
0.54 1.1 0.24
0 0 0 0
0.53 1.1 0.2
0 0 0 0
0.53 1.08 0.2
0 0 0 0
0.54 1.1 0.18
0 0 0 0
0.54 1.09 0.2
0 0 0 0
0.54 1.09 0.22
0 0 0 0
0.53 1.08 0.22
0 0 0 0
0.54 1.08 0.26
0 0 0 0
0.53 1.08 0.26
0 0 0 0
0.54 1.09 0.28
0 0 0 0
0.55 1.08 0.3
0 0 0 0
0.55 1.09 0.34
0 0 0 0
0.55 1.09 0.34
0 0 0 0
0.53 1.09 0.36
0 0 0 0
0.54 1.08 0.39
0 0 0 0
0.53 1.1 0.41
0 0 0 0
0.54 1.08 0.43
0 0 0 0
0.54 1.1 0.46
0 0 0 0
0.55 1.1 0.46
0 0 0 0
0.53 1.09 0.49
0 0 0 0
0.54 1.08 0.52
0 0 0 0
0.56 1.08 0.52
0 1 0 0
0.56 1.1 0.54
0 1 0 0
0.56 1.08 0.58
0 1 0 0
0.57 1.09 0.6
0 1 0 0
0.6 1.1 0.6
0 1 0 0
0.59 1.09 0.63
0 1 0 0
0.61 1.08 0.64
0 1 0 0
0.62 1.1 0.68
0 1 0 0
0.64 1.09 0.68
0 1 0 0
0.63 1.08 0.72
0 1 0 0
0.65 1.1 0.74
0 1 0 0
0.66 1.09 0.74
0 1 0 0
0.68 1.09 0.76
0 1 0 0
0.68 1.1 0.8
0 1 0 0
0.7 1.09 0.82
0 1 0 0
0.7 1.1 0.82
0 0 0 0
0.68 1.09 0.84
0 0 0 0
0.68 1.08 0.87
0 0 0 0
0.68 1.1 0.88
0 0 0 0
0.69 1.09 0.9
0 0 0 0
0.68 1.1 0.94
0 0 0 0
0.68 1.09 0.95
0 0 0 0
0.68 1.09 0.96
0 0 0 0
0.69 1.08 1
0 0 0 0
0.69 1.08 1.01
0 0 0 0
0.68 1.08 1.02
0 0 0 0
0.69 1.08 1.02
0 0 0 0
0.7 1.09 1
0 0 0 0
0.69 1.08 1
0 0 0 0
0.69 1.09 0.99
0 0 0 0
0.69 1.1 0.96
0 0 0 0
0.69 1.1 0.98
0 0 0 0
0.68 1.08 0.95
0 0 0 0
0.68 1.09 0.95
0 0 0 0
0.68 1.08 0.94
0 0 0 0
0.7 1.09 0.94
0 0 0 0
0.68 1.1 0.91
0 0 0 0
0.7 1.1 0.9
0 0 0 0
0.68 1.09 0.88
0 0 0 0
0.69 1.1 0.9
0 0 0 0
0.7 1.1 0.87
0 0 0 0
0.68 1.08 0.87
0 0 0 0
0.68 1.09 0.86
0 0 0 0
0.69 1.1 0.84
0 0 0 0
0.7 1.08 0.83
0 0 0 0
0.7 1.1 0.84
0 0 0 0
0.68 1.1 0.82
0 0 0 0
0.7 1.08 0.81
0 0 0 0
0.7 1.08 0.8
0 0 0 0
0.69 1.09 0.8
0 0 0 0
0.68 1.1 0.78
0 0 0 0
0.68 1.1 0.78
0 0 0 0
0.7 1.08 0.76
0 0 0 0
0.69 1.09 0.75
0 0 0 0
0.7 1.09 0.74
0 0 0 0
0.68 1.09 0.74
0 0 0 0
0.7 1.09 0.72
0 0 0 0
0.69 1.08 0.7
0 0 0 0
0.68 1.08 0.69
0 0 0 0
0.68 1.09 0.69
0 0 0 0
0.68 1.08 0.66
0 0 0 0
0.7 1.09 0.66
0 0 0 0
0.7 1.08 0.64
0 0 0 0
0.69 1.09 0.65
0 0 0 0
0.69 1.08 0.64
0 0 0 0
0.68 1.08 0.63
0 0 0 0
0.7 1.08 0.62
0 0 0 0
0.7 1.1 0.6
0 0 0 0
0.68 1.1 0.6
0 0 0 0
0.7 1.08 0.59
0 0 0 0
0.68 1.08 0.57
0 0 0 0
0.68 1.08 0.58
0 0 0 0
0.68 1.09 0.54
0 0 0 0
0.69 1.1 0.55
0 0 0 0
0.7 1.08 0.54
0 0 0 0
0.7 1.09 0.52
0 0 0 0
0.69 1.1 0.5
0 0 0 0
0.69 1.09 0.5
0 0 0 0
0.68 1.08 0.48
0 0 0 0
0.7 1.1 0.49
0 0 0 0
0.68 1.1 0.46
0 0 0 0
0.68 1.08 0.46
0 0 0 0
0.68 1.08 0.45
0 0 0 0
0.69 1.09 0.46
0 0 0 0
0.68 1.09 0.42
0 0 0 0
0.68 1.09 0.42
0 0 0 0
0.68 1.08 0.42
0 0 0 0
0.7 1.08 0.41
0 0 0 0
0.7 1.08 0.39
0 0 0 0
0.68 1.08 0.38
0 0 0 0
0.7 1.09 0.36
0 0 0 0
0.7 1.1 0.36
1 0 0 0
0.68 1.1 0.35
1 0 0 0
0.68 1.13 0.34
1 0 0 0
0.68 1.14 0.34
1 0 0 0
0.68 1.13 0.33
1 0 0 0
0.68 1.16 0.32
1 0 0 0
0.7 1.17 0.32
1 0 0 0
0.7 1.18 0.3
1 0 0 0
0.68 1.17 0.28
1 0 0 0
0.7 1.17 0.28
0 0 0 0
0.7 1.17 0.27
0 0 0 0
0.69 1.18 0.26
0 0 0 0
0.7 1.18 0.25
0 0 0 0
0.69 1.18 0.24
0 0 0 0
0.68 1.17 0.22
0 0 0 0
0.7 1.17 0.22
0 0 0 0
0.7 1.18 0.21
0 0 0 0
0.69 1.17 0.19
0 0 0 0
0.7 1.17 0.2
0 0 0 0
0.68 1.19 0.16
0 0 0 0
0.7 1.17 0.18
0 0 0 0
0.7 1.18 0.21
0 0 0 0
0.69 1.18 0.23
0 0 0 0
0.69 1.19 0.26
0 0 0 0
0.68 1.18 0.28
0 0 0 0
0.68 1.17 0.29
0 0 0 0
0.69 1.17 0.32
0 0 0 0
0.7 1.17 0.34
0 0 0 0
0.69 1.19 0.34
0 0 0 0
0.68 1.17 0.37
0 0 0 0
0.68 1.18 0.39
0 0 0 0
0.69 1.17 0.4
0 0 0 0
0.69 1.18 0.43
0 0 0 0
0.7 1.19 0.45
0 0 0 0
0.69 1.17 0.46
0 0 0 0
0.7 1.19 0.49
0 0 0 0
0.76 1.17 0.52
0 0 0 0
0.78 1.19 0.54
0 0 0 0
0.78 1.19 0.56
0 0 0 0
0.76 1.17 0.58
0 0 0 0
0.77 1.19 0.58
0 0 0 0
0.76 1.17 0.61
0 0 0 0
0.76 1.18 0.63
0 0 0 0
0.78 1.17 0.65
0 0 0 0
0.77 1.17 0.68
0 0 0 0
0.78 1.19 0.69
0 0 0 0
0.76 1.19 0.72
0 0 0 0
0.77 1.19 0.73
0 1 0 0
0.8 1.18 0.75
0 1 0 0
0.81 1.18 0.78
0 1 0 0
0.8 1.18 0.79
0 1 0 0
0.82 1.19 0.82
0 1 0 0
0.82 1.17 0.83
0 1 0 0
0.85 1.17 0.86
0 1 0 0
0.84 1.19 0.88
0 1 0 0
0.85 1.18 0.89
0 1 0 0
0.88 1.19 0.91
0 1 0 0
0.88 1.17 0.92
0 1 0 0
0.89 1.17 0.95
0 1 0 0
0.91 1.17 0.97
0 1 0 0
0.91 1.17 0.98
0 1 0 0
0.91 1.19 1.02
0 1 0 0
0.92 1.19 1.02
0 1 0 0
0.95 1.18 1.04
0 1 0 0
0.96 1.17 1.06
0 1 0 0
0.95 1.17 1.1
0 1 0 0
0.97 1.17 1.12
0 1 0 0
0.97 1.18 1.1
0 0 0 0
0.89 1.19 1.08
0 0 0 0
0.89 1.19 1.04
0 0 0 0
0.88 1.18 1.03
0 0 0 0
0.88 1.17 1.01
0 0 0 0
0.88 1.18 0.99
0 0 0 0
0.89 1.17 0.97
0 0 0 0
0.89 1.17 0.95
0 0 0 0
0.88 1.17 0.94
0 0 0 0
0.9 1.17 0.92
0 0 0 0
0.89 1.18 0.9
0 0 0 0
0.89 1.17 0.87
0 0 0 0
0.9 1.18 0.85
0 0 0 0
0.9 1.19 0.83
0 0 0 0
0.9 1.19 0.81
0 0 0 0
0.89 1.17 0.78
0 0 0 0
0.9 1.19 0.77
0 0 0 0
0.89 1.17 0.75
0 0 0 0
0.88 1.18 0.74
0 0 0 0
0.88 1.18 0.72
0 0 0 0
0.88 1.19 0.69
0 0 0 0
0.9 1.19 0.67
0 0 0 0
0.9 1.18 0.65
0 0 0 0
0.88 1.18 0.62
0 0 0 0
0.9 1.17 0.61
0 0 0 0
0.89 1.18 0.6
0 0 0 0
0.89 1.19 0.57
0 0 0 0
0.9 1.17 0.56
0 0 0 0
0.89 1.18 0.53
0 0 0 0
0.89 1.19 0.52
0 0 0 0
0.89 1.19 0.5
0 0 0 0
0.9 1.19 0.47
0 0 0 0
0.89 1.19 0.44
0 0 0 0
0.9 1.19 0.44
0 0 0 0
0.89 1.17 0.4
0 0 0 0
0.9 1.18 0.38
0 0 0 0
0.89 1.17 0.38
0 0 0 0
0.9 1.19 0.34
0 0 0 0
0.89 1.18 0.34
0 0 0 0
0.88 1.19 0.31
0 0 0 0
0.9 1.18 0.29
0 0 0 0
0.88 1.17 0.31
0 0 0 0
0.9 1.17 0.32
0 0 0 0
0.88 1.19 0.34
0 0 0 0
0.88 1.18 0.37
0 0 0 0
0.89 1.17 0.38
0 0 0 0
0.89 1.18 0.41
0 0 0 0
0.89 1.18 0.43
0 0 0 0
0.9 1.18 0.44
0 0 0 0
0.89 1.18 0.46
0 0 0 0
0.88 1.19 0.48
0 0 0 0
0.9 1.19 0.5
0 0 0 0
0.89 1.19 0.53
0 0 0 0
0.9 1.17 0.56
0 0 0 0
0.87 1.18 0.56
0 0 1 0
0.88 1.17 0.59
0 0 1 0
0.87 1.19 0.6
0 0 1 0
0.85 1.18 0.64
0 0 1 0
0.85 1.18 0.65
0 0 1 0
0.82 1.17 0.68
0 0 1 0
0.83 1.18 0.7
0 0 1 0
0.82 1.17 0.72
0 0 1 0
0.79 1.19 0.74
0 0 1 0
0.8 1.18 0.76
0 0 1 0
0.78 1.19 0.78
0 0 1 0
0.77 1.19 0.8
0 0 1 0
0.75 1.18 0.82
0 0 1 0
0.75 1.17 0.83
0 0 1 0
0.74 1.19 0.86
0 0 1 0
0.74 1.17 0.87
0 0 1 0
0.73 1.17 0.9
0 0 1 0
0.72 1.19 0.91
0 0 1 0
0.7 1.19 0.92
0 0 1 0
0.68 1.18 0.94
0 0 1 0
0.68 1.17 0.96
0 0 1 0
0.66 1.17 1
0 0 1 0
0.65 1.17 1.01
0 0 1 0
0.66 1.19 1.03
0 0 1 0
0.64 1.17 1.04
0 0 1 0
0.63 1.19 1.07
0 0 1 0
0.63 1.19 1.09
0 0 1 0
0.6 1.19 1.1
0 0 1 0
0.6 1.17 1.13
0 0 1 0
0.6 1.19 1.14
0 0 1 0
0.59 1.17 1.17
0 0 1 0
0.56 1.18 1.2
0 0 1 0
0.57 1.18 1.22
0 0 1 0
0.54 1.18 1.24
0 0 1 0
0.54 1.19 1.24
0 0 1 0
0.52 1.19 1.27
0 0 1 0
0.53 1.19 1.29
0 0 1 0
0.51 1.17 1.3
0 0 1 0
0.51 1.18 1.32
0 0 1 0
0.48 1.19 1.36
0 0 1 0
0.49 1.18 1.36
0 0 1 0
0.47 1.19 1.39
0 0 1 0
0.45 1.19 1.43
0 0 1 0
0.44 1.17 1.43
0 0 1 0
0.45 1.19 1.45
0 0 1 0
0.43 1.17 1.47
0 0 1 0
0.43 1.17 1.5
0 0 1 0
0.4 1.18 1.52
0 0 1 0
0.47 1.18 1.54
0 0 1 0
0.47 1.17 1.55
0 0 1 0
0.47 1.19 1.58
0 0 1 0
0.46 1.17 1.6
0 0 1 0
0.44 1.18 1.6
0 0 1 0
0.44 1.18 1.6
0 0 1 0
0.43 1.19 1.6
0 0 1 0
0.43 1.17 1.61
0 0 1 0
0.45 1.19 1.61
0 0 1 0
0.44 1.17 1.6
0 0 1 0
0.44 1.17 1.61
0 0 1 0
0.43 1.19 1.61
0 0 1 0
0.45 1.18 1.61
0 0 1 0
0.45 1.18 1.62
0 0 1 0
0.45 1.17 1.6
0 0 0 0
0.43 1.19 1.62
0 0 0 0
0.43 1.18 1.62
0 0 0 0
0.44 1.18 1.62
0 0 0 0
0.45 1.17 1.61
0 0 0 0
0.44 1.17 1.61
0 0 0 0
0.44 1.19 1.62
0 0 0 0
0.44 1.17 1.61
0 0 0 0
0.43 1.19 1.61
0 0 0 0
0.43 1.18 1.6
0 0 0 0
0.45 1.18 1.61
0 0 0 0
0.44 1.18 1.6
0 0 0 0
0.44 1.19 1.62
0 0 0 0
0.43 1.18 1.61
0 0 0 0
0.45 1.18 1.62
0 0 0 0
0.44 1.17 1.6
0 0 0 0
0.43 1.19 1.62
0 0 0 0
0.43 1.18 1.62
0 0 0 0
0.45 1.19 1.62
0 0 0 0
0.43 1.19 1.6
0 0 0 0
0.43 1.19 1.62
0 0 0 0
0.45 1.17 1.6
0 0 0 0
0.44 1.18 1.6
0 0 0 0
0.43 1.18 1.62
0 0 0 0
0.45 1.18 1.6
0 0 0 0
0.45 1.17 1.61
0 0 0 0
0.45 1.17 1.61
0 0 0 0
0.45 1.18 1.62
0 0 0 0
0.45 1.18 1.62
0 0 0 0
0.44 1.19 1.62
0 0 0 0
0.44 1.18 1.62
0 0 0 0
0.44 1.17 1.62
0 0 0 0
0.43 1.18 1.62
0 0 0 0
0.43 1.19 1.61
0 0 0 0
0.43 1.19 1.61
0 0 0 0
0.44 1.18 1.61
0 0 0 0
0.43 1.18 1.6
0 0 0 0
0.45 1.17 1.61
0 0 0 0
0.45 1.17 1.62
0 0 0 0
0.45 1.18 1.62
0 0 0 0
0.45 1.19 1.61
0 0 0 0
0.44 1.19 1.61
0 0 0 0
0.45 1.19 1.6
0 0 0 0
0.45 1.17 1.6
0 0 0 0
0.43 1.17 1.6
0 0 0 0
0.44 1.18 1.61
0 0 0 0
0.43 1.19 1.6
0 0 0 0
0.43 1.18 1.61
0 0 0 0
0.45 1.18 1.61
0 0 0 0
0.45 1.18 1.62
0 0 0 0
0.45 1.17 1.62
0 0 0 0
0.43 1.17 1.61
0 0 0 0
0.45 1.19 1.6
0 0 0 0
0.43 1.18 1.6
0 0 0 0
0.43 1.19 1.61
0 0 0 0
0.44 1.18 1.61
0 0 0 0
0.45 1.19 1.6
0 0 0 0
0.43 1.17 1.62
0 0 0 0
0.44 1.19 1.61
0 0 0 0
0.45 1.19 1.62
0 0 0 0
0.45 1.19 1.6
0 0 0 0
0.45 1.17 1.6
0 0 0 0
0.44 1.17 1.6
0 0 0 0
0.43 1.17 1.61
0 0 0 0
0.44 1.19 1.62
0 0 0 0
0.43 1.17 1.6
0 0 0 0
0.44 1.18 1.6
0 0 0 0
0.44 1.18 1.6
0 0 0 0
0.43 1.18 1.6
0 0 0 0
0.45 1.18 1.6
0 0 0 0
0.44 1.18 1.6
0 0 0 0
0.43 1.18 1.61
0 0 0 0
0.43 1.19 1.62
0 0 0 0
0.44 1.19 1.6
0 0 0 0
0.43 1.18 1.6
0 0 0 0
0.45 1.19 1.61
0 0 0 0
0.43 1.17 1.6
0 0 0 0
0.43 1.19 1.62
0 0 0 0
0.44 1.18 1.6
0 0 0 0
0.45 1.17 1.62
0 0 0 0
0.43 1.17 1.6
0 0 0 0
0.44 1.17 1.62
0 0 0 0
0.45 1.18 1.61
0 0 0 0
0.45 1.17 1.62
0 0 0 0
0.43 1.18 1.61
0 0 0 0
0.43 1.18 1.6
0 0 0 0
0.45 1.17 1.61
0 0 0 0
0.45 1.18 1.6
0 0 0 0
0.43 1.18 1.61
0 0 0 0
0.43 1.18 1.62
0 0 0 0
0.43 1.18 1.6
0 0 0 0
0.44 1.19 1.6
0 0 0 0
0.43 1.17 1.61
0 0 0 0
0.43 1.19 1.62
0 0 0 0
0.43 1.17 1.61
0 0 0 0
0.44 1.19 1.6
0 0 0 0
0.45 1.18 1.6
0 0 0 0
0.43 1.19 1.6
0 0 0 0
0.43 1.19 1.61
0 0 0 0
0.43 1.17 1.62
0 0 0 0
0.43 1.19 1.61
0 0 0 0
0.43 1.17 1.61
0 0 0 0
0.44 1.19 1.61
0 0 0 0
0.45 1.19 1.62
0 0 0 0
0.45 1.19 1.6
0 0 0 0
0.43 1.18 1.62
0 0 0 0
0.44 1.17 1.61
0 0 0 0
0.45 1.17 1.61
0 0 0 0
0.45 1.18 1.61
0 0 0 0
0.43 1.19 1.61
0 0 0 0
0.43 1.17 1.61
0 0 0 0
0.44 1.17 1.62
0 0 0 0
0.43 1.19 1.62
0 0 0 0
0.45 1.19 1.61
0 0 0 0
0.45 1.19 1.61
0 0 0 0
0.43 1.17 1.6
0 0 0 0
0.73 1.43 1.42
0 0 0 0
0.72 1.42 1.43
0 0 0 0
0.71 1.43 1.42
0 0 0 0
0.72 1.41 1.42
0 0 0 0
0.72 1.42 1.42
0 0 0 0
0.73 1.41 1.44
0 0 0 0
0.72 1.41 1.43
0 0 0 0
0.71 1.41 1.43
0 0 0 0
0.73 1.43 1.43
0 0 0 0
0.72 1.41 1.43
0 0 0 0
0.72 1.42 1.43
0 0 0 0
0.73 1.43 1.42
0 0 0 0
0.71 1.41 1.44
0 0 0 0
0.72 1.42 1.43
0 0 0 0
0.73 1.43 1.42
0 0 0 0
0.73 1.41 1.42
0 0 0 0
